datetime,address,c,h,l,o,type,v
2024-11-08 20:35:00,Ednagfk7DGQvtL5TWpNjn1VjmsRcGe4xR23GPWcApump,0.0005255144299472477,0.002706486894998603,7.760556173150879e-05,7.889028786547133e-05,5m,2709911247.1275682
2024-11-08 20:40:00,Ednagfk7DGQvtL5TWpNjn1VjmsRcGe4xR23GPWcApump,0.0002853496530300453,0.0007829991074940963,0.00024664788230384615,0.0005255144299472477,5m,1550992056.0981753
2024-11-08 20:45:00,Ednagfk7DGQvtL5TWpNjn1VjmsRcGe4xR23GPWcApump,0.0003046520578883376,0.0003578272443240299,0.0001668955433857288,0.0002853496530300453,5m,1180444624.322033
2024-11-08 20:50:00,Ednagfk7DGQvtL5TWpNjn1VjmsRcGe4xR23GPWcApump,0.00014355917551131075,0.0003046520578883376,0.0001029638761661472,0.0003046520578883376,5m,841693112.7774799
2024-11-08 20:55:00,Ednagfk7DGQvtL5TWpNjn1VjmsRcGe4xR23GPWcApump,0.00014975650123838703,0.00017907686296297491,8.218609540920577e-05,0.00014355917551131075,5m,603940499.6336826
2024-11-08 21:00:00,Ednagfk7DGQvtL5TWpNjn1VjmsRcGe4xR23GPWcApump,0.0002274519964105113,0.0002675663240051896,0.00010934163186868911,0.00014975650123838703,5m,299879228.1109548
2024-11-08 21:05:00,Ednagfk7DGQvtL5TWpNjn1VjmsRcGe4xR23GPWcApump,9.402809537886351e-05,0.0002274519964105113,8.196109709146136e-05,0.0002274519964105113,5m,345803181.32119197
2024-11-08 21:10:00,Ednagfk7DGQvtL5TWpNjn1VjmsRcGe4xR23GPWcApump,6.75719363477927e-05,0.00010684842794099834,5.826681699646521e-05,9.402809537886351e-05,5m,350008386.9249939
2024-11-08 21:15:00,Ednagfk7DGQvtL5TWpNjn1VjmsRcGe4xR23GPWcApump,9.698078305307367e-05,0.00010825478804384762,6.707765385472502e-05,6.75719363477927e-05,5m,212648715.40054914
2024-11-08 21:20:00,Ednagfk7DGQvtL5TWpNjn1VjmsRcGe4xR23GPWcApump,8.649562696395642e-05,9.71598849647714e-05,7.622271701989748e-05,9.698078305307367e-05,5m,77996980.38284601
2024-11-08 21:25:00,Ednagfk7DGQvtL5TWpNjn1VjmsRcGe4xR23GPWcApump,5.663643698282841e-05,8.686822227221467e-05,5.507895427977533e-05,8.649562696395642e-05,5m,155772514.196776
2024-11-08 21:30:00,Ednagfk7DGQvtL5TWpNjn1VjmsRcGe4xR23GPWcApump,5.878911148404986e-05,7.696990427496495e-05,5.5406557488778175e-05,5.663643698282841e-05,5m,102158492.93724202
2024-11-08 21:35:00,Ednagfk7DGQvtL5TWpNjn1VjmsRcGe4xR23GPWcApump,4.4832010647271835e-05,6.493393324523062e-05,4.141292251733549e-05,5.878911148404986e-05,5m,124913862.276475
2024-11-08 21:40:00,Ednagfk7DGQvtL5TWpNjn1VjmsRcGe4xR23GPWcApump,2.882348228927325e-05,4.600940570953498e-05,2.882348228927325e-05,4.4832010647271835e-05,5m,150470504.53079
2024-11-08 21:45:00,Ednagfk7DGQvtL5TWpNjn1VjmsRcGe4xR23GPWcApump,2.496957015035622e-05,3.0540902124899294e-05,2.496957015035622e-05,2.882348228927325e-05,5m,71397098.607533
2024-11-08 21:50:00,Ednagfk7DGQvtL5TWpNjn1VjmsRcGe4xR23GPWcApump,2.2990926486298354e-05,2.6645051860150848e-05,2.123958908605968e-05,2.496957015035622e-05,5m,159034748.28673503
2024-11-08 21:55:00,Ednagfk7DGQvtL5TWpNjn1VjmsRcGe4xR23GPWcApump,2.2958856381792045e-05,2.427946636950037e-05,2.2958856381792045e-05,2.2990926486298354e-05,5m,55139860.44067499
2024-11-08 22:00:00,Ednagfk7DGQvtL5TWpNjn1VjmsRcGe4xR23GPWcApump,2.1873960688687505e-05,2.2958856381792045e-05,2.1873960688687505e-05,2.2958856381792045e-05,5m,11018652.645287
2024-11-08 22:05:00,Ednagfk7DGQvtL5TWpNjn1VjmsRcGe4xR23GPWcApump,2.312185080764637e-05,2.312185080764637e-05,2.1873960688687505e-05,2.1873960688687505e-05,5m,14924350.121132
2024-11-08 22:10:00,Ednagfk7DGQvtL5TWpNjn1VjmsRcGe4xR23GPWcApump,4.726715269079554e-05,6.435623388252193e-05,2.312185080764637e-05,2.312185080764637e-05,5m,490923819.256678
2024-11-08 22:15:00,Ednagfk7DGQvtL5TWpNjn1VjmsRcGe4xR23GPWcApump,7.805524237951142e-05,8.859381099119893e-05,4.726715269079554e-05,4.726715269079554e-05,5m,352187189.516259
2024-11-08 22:20:00,Ednagfk7DGQvtL5TWpNjn1VjmsRcGe4xR23GPWcApump,9.686024768888266e-05,0.00013200901415105277,6.68494557304027e-05,7.805524237951142e-05,5m,231302243.677873
2024-11-08 22:25:00,Ednagfk7DGQvtL5TWpNjn1VjmsRcGe4xR23GPWcApump,7.371885424356984e-05,0.0001178404084310496,6.821298689360585e-05,9.686024768888266e-05,5m,207312923.11417603
2024-11-08 22:30:00,Ednagfk7DGQvtL5TWpNjn1VjmsRcGe4xR23GPWcApump,0.00022202289240950062,0.00022202289240950062,6.939954452047185e-05,7.371885424356984e-05,5m,239398691.0993381
2024-11-08 22:35:00,Ednagfk7DGQvtL5TWpNjn1VjmsRcGe4xR23GPWcApump,0.00035039620975330814,0.0003704635538975899,0.00015404631289098316,0.00022202289240950062,5m,283544196.95756686
2024-11-08 22:40:00,Ednagfk7DGQvtL5TWpNjn1VjmsRcGe4xR23GPWcApump,0.0005219334312551895,0.0006352951992634506,0.00033126895840513473,0.00035039620975330814,5m,307589703.41072315
2024-11-08 22:45:00,Ednagfk7DGQvtL5TWpNjn1VjmsRcGe4xR23GPWcApump,0.000680392475867004,0.0008851242300425734,0.0005219334312551895,0.0005219334312551895,5m,314148187.7548734
2024-11-08 22:50:00,Ednagfk7DGQvtL5TWpNjn1VjmsRcGe4xR23GPWcApump,0.0004050743413750466,0.0006854413706120146,0.0003140791627348088,0.000680392475867004,5m,304766796.01774
2024-11-08 22:55:00,Ednagfk7DGQvtL5TWpNjn1VjmsRcGe4xR23GPWcApump,0.0002703238335342439,0.00040754967265055017,0.00018624630703229574,0.0004050743413750466,5m,473524326.4239919
2024-11-08 23:00:00,Ednagfk7DGQvtL5TWpNjn1VjmsRcGe4xR23GPWcApump,0.0003345519021960055,0.000469984670797036,0.000246324473200873,0.0002703238335342439,5m,355380770.9916101
2024-11-08 23:05:00,Ednagfk7DGQvtL5TWpNjn1VjmsRcGe4xR23GPWcApump,0.0002914541698877781,0.00038573765122082204,0.00027920715412922746,0.0003345519021960055,5m,146886420.07155702
2024-11-08 23:10:00,Ednagfk7DGQvtL5TWpNjn1VjmsRcGe4xR23GPWcApump,0.00028423939593003365,0.0003215201493619593,0.0002150709733580907,0.0002914541698877781,5m,187059686.32040584
2024-11-08 23:15:00,Ednagfk7DGQvtL5TWpNjn1VjmsRcGe4xR23GPWcApump,0.0003406688794732287,0.0003408042470577142,0.0002681491029225617,0.00028423939593003365,5m,124033940.96367596
2024-11-08 23:20:00,Ednagfk7DGQvtL5TWpNjn1VjmsRcGe4xR23GPWcApump,0.0003432125465439967,0.00038190392096409443,0.0003020380972749485,0.0003406688794732287,5m,70927151.94588394
2024-11-08 23:25:00,Ednagfk7DGQvtL5TWpNjn1VjmsRcGe4xR23GPWcApump,0.000476554386527572,0.0004945058506294369,0.0003432125465439967,0.0003432125465439967,5m,60960546.243629
2024-11-08 23:30:00,Ednagfk7DGQvtL5TWpNjn1VjmsRcGe4xR23GPWcApump,0.0005999559472709537,0.0008490307333295294,0.0004677209519657558,0.000476554386527572,5m,98536052.51728603
2024-11-08 23:35:00,Ednagfk7DGQvtL5TWpNjn1VjmsRcGe4xR23GPWcApump,0.0011250688773014072,0.0014773332255516285,0.0005663887617857708,0.0005999559472709537,5m,279382459.01439387
2024-11-08 23:40:00,Ednagfk7DGQvtL5TWpNjn1VjmsRcGe4xR23GPWcApump,0.0011443660616819353,0.0016825379293313309,0.0010983090787533912,0.0011250688773014072,5m,209416711.4813759
2024-11-08 23:45:00,Ednagfk7DGQvtL5TWpNjn1VjmsRcGe4xR23GPWcApump,0.001221748461097246,0.0013907370919606405,0.0010038306633178152,0.0011443660616819353,5m,91927503.77465802
2024-11-08 23:50:00,Ednagfk7DGQvtL5TWpNjn1VjmsRcGe4xR23GPWcApump,0.0011567819243351503,0.0015996647670390874,0.001081907316249884,0.001221748461097246,5m,71528680.04070498
2024-11-08 23:55:00,Ednagfk7DGQvtL5TWpNjn1VjmsRcGe4xR23GPWcApump,0.001386643174789393,0.0014962743605537055,0.001074088109536647,0.0011567819243351503,5m,58522100.21864497
2024-11-09 00:00:00,Ednagfk7DGQvtL5TWpNjn1VjmsRcGe4xR23GPWcApump,0.0011116276959254698,0.001386643174789393,0.0010468858364727105,0.001386643174789393,5m,43776380.58443594
2024-11-09 00:05:00,Ednagfk7DGQvtL5TWpNjn1VjmsRcGe4xR23GPWcApump,0.0008610809964757907,0.0011228945135165786,0.0006075050790821072,0.0011116276959254698,5m,149476760.9381811
2024-11-09 00:10:00,Ednagfk7DGQvtL5TWpNjn1VjmsRcGe4xR23GPWcApump,0.0007511070177837793,0.0011590640791526783,0.0006914901342962484,0.0008610809964757907,5m,100153932.58577192
2024-11-09 00:15:00,Ednagfk7DGQvtL5TWpNjn1VjmsRcGe4xR23GPWcApump,0.0005038898254885221,0.000756233986003975,0.0004762614581503996,0.0007511070177837793,5m,139831838.73621005
2024-11-09 00:20:00,Ednagfk7DGQvtL5TWpNjn1VjmsRcGe4xR23GPWcApump,0.000727398915087607,0.0007307235079249561,0.00047716926036335425,0.0005038898254885221,5m,81168249.56739302
2024-11-09 00:25:00,Ednagfk7DGQvtL5TWpNjn1VjmsRcGe4xR23GPWcApump,0.0005992021568835821,0.0007330851825113276,0.00047273924517272415,0.000727398915087607,5m,117819847.13018604
2024-11-09 00:30:00,Ednagfk7DGQvtL5TWpNjn1VjmsRcGe4xR23GPWcApump,0.0006003678202054533,0.0006261786028365998,0.0005458771877964372,0.0005992021568835821,5m,28346813.980185993
2024-11-09 00:35:00,Ednagfk7DGQvtL5TWpNjn1VjmsRcGe4xR23GPWcApump,0.000700798239238301,0.0007118943041944675,0.0006003678202054533,0.0006003678202054533,5m,27678400.699431997
2024-11-09 00:40:00,Ednagfk7DGQvtL5TWpNjn1VjmsRcGe4xR23GPWcApump,0.0006970296531921674,0.0007449391803005324,0.0006542150499975248,0.000700798239238301,5m,45082044.61757799
2024-11-09 00:45:00,Ednagfk7DGQvtL5TWpNjn1VjmsRcGe4xR23GPWcApump,0.000572538026605252,0.0008319395513840691,0.0005173560667198692,0.0006970296531921674,5m,53793327.148920015
2024-11-09 00:50:00,Ednagfk7DGQvtL5TWpNjn1VjmsRcGe4xR23GPWcApump,0.0007883998586608882,0.0008161293317243884,0.000572538026605252,0.000572538026605252,5m,49578799.497394964
2024-11-09 00:55:00,Ednagfk7DGQvtL5TWpNjn1VjmsRcGe4xR23GPWcApump,0.0007495951805154192,0.0009656283948533934,0.0007175168545249752,0.0007883998586608882,5m,83966695.62529597
2024-11-09 01:00:00,Ednagfk7DGQvtL5TWpNjn1VjmsRcGe4xR23GPWcApump,0.0006491483615997226,0.0007499244945928734,0.0006118638477788816,0.0007495951805154192,5m,34819852.124428004
2024-11-09 01:05:00,Ednagfk7DGQvtL5TWpNjn1VjmsRcGe4xR23GPWcApump,0.0004325376621244091,0.0006491483615997226,0.00038970110576076484,0.0006491483615997226,5m,182164428.703759
2024-11-09 01:10:00,Ednagfk7DGQvtL5TWpNjn1VjmsRcGe4xR23GPWcApump,0.0003736277450863645,0.0004371076828398509,0.00033129803451525036,0.0004325376621244091,5m,133045255.07825306
2024-11-09 01:15:00,Ednagfk7DGQvtL5TWpNjn1VjmsRcGe4xR23GPWcApump,0.0003191653669154455,0.0005008065600808603,0.00026451857660212595,0.0003736277450863645,5m,143887514.49657193
2024-11-09 01:20:00,Ednagfk7DGQvtL5TWpNjn1VjmsRcGe4xR23GPWcApump,0.00034122041407246744,0.00038058320510302336,0.0003002274193398149,0.0003191653669154455,5m,73158471.87150899
2024-11-09 01:25:00,Ednagfk7DGQvtL5TWpNjn1VjmsRcGe4xR23GPWcApump,0.00039250562251534897,0.0004025243036593665,0.0003335987637647346,0.00034122041407246744,5m,37205594.02561702
2024-11-09 01:30:00,Ednagfk7DGQvtL5TWpNjn1VjmsRcGe4xR23GPWcApump,0.00036756256329607617,0.00046867704793131476,0.00036196526267201956,0.00039250562251534897,5m,61345672.36437501
2024-11-09 01:35:00,Ednagfk7DGQvtL5TWpNjn1VjmsRcGe4xR23GPWcApump,0.00038345188602460507,0.00038345188602460507,0.0003557656836803843,0.00036756256329607617,5m,18469808.639673002
2024-11-09 01:40:00,Ednagfk7DGQvtL5TWpNjn1VjmsRcGe4xR23GPWcApump,0.0003830341679020807,0.00039855867242016043,0.00038174646327268706,0.00038345188602460507,5m,9635768.870921
2024-11-09 01:45:00,Ednagfk7DGQvtL5TWpNjn1VjmsRcGe4xR23GPWcApump,0.00038348361948865384,0.00040057103521933885,0.0003566290564114809,0.0003830341679020807,5m,16990936.374026
2024-11-09 01:50:00,Ednagfk7DGQvtL5TWpNjn1VjmsRcGe4xR23GPWcApump,0.00029590276210126427,0.0003839750597757657,0.00029273512375285656,0.00038348361948865384,5m,37157456.906791
2024-11-09 01:55:00,Ednagfk7DGQvtL5TWpNjn1VjmsRcGe4xR23GPWcApump,0.00027691750833437314,0.00031842197518093074,0.0002622259328122237,0.00029590276210126427,5m,89109869.45494302
2024-11-09 02:00:00,Ednagfk7DGQvtL5TWpNjn1VjmsRcGe4xR23GPWcApump,0.0003123215511121596,0.0003132994146983251,0.00027516800239346743,0.00027691750833437314,5m,22208909.910808
2024-11-09 02:05:00,Ednagfk7DGQvtL5TWpNjn1VjmsRcGe4xR23GPWcApump,0.0003073035250685056,0.0003458100464829855,0.00029516331250863153,0.0003123215511121596,5m,30655741.616381012
2024-11-09 02:10:00,Ednagfk7DGQvtL5TWpNjn1VjmsRcGe4xR23GPWcApump,0.0003233054138053441,0.00033952261294046415,0.0003073035250685056,0.0003073035250685056,5m,12608100.687231006
2024-11-09 02:15:00,Ednagfk7DGQvtL5TWpNjn1VjmsRcGe4xR23GPWcApump,0.00030227527009957255,0.0003241716372169261,0.0002977143478172529,0.0003233054138053441,5m,12597375.992914002
2024-11-09 02:20:00,Ednagfk7DGQvtL5TWpNjn1VjmsRcGe4xR23GPWcApump,0.00034291637210099186,0.00034858819612346273,0.0002984840074836425,0.00030227527009957255,5m,25576053.450662
2024-11-09 02:25:00,Ednagfk7DGQvtL5TWpNjn1VjmsRcGe4xR23GPWcApump,0.0003831105868232922,0.00038432783164912143,0.0003377662092590099,0.00034291637210099186,5m,18608207.480859008
2024-11-09 02:30:00,Ednagfk7DGQvtL5TWpNjn1VjmsRcGe4xR23GPWcApump,0.00034496762177722986,0.0004005009300109268,0.0003341561881689795,0.0003831105868232922,5m,44910965.95905
2024-11-09 02:35:00,Ednagfk7DGQvtL5TWpNjn1VjmsRcGe4xR23GPWcApump,0.00025676500893579145,0.00034835862183912967,0.00024938476514085715,0.00034496762177722986,5m,46573769.51673599
2024-11-09 02:40:00,Ednagfk7DGQvtL5TWpNjn1VjmsRcGe4xR23GPWcApump,0.00023620326202080196,0.0002797666862282053,0.0002072477747292041,0.00025676500893579145,5m,58533629.57679998
2024-11-09 02:45:00,Ednagfk7DGQvtL5TWpNjn1VjmsRcGe4xR23GPWcApump,0.0002918566953792899,0.0002937663440958593,0.00023240021869696937,0.00023620326202080196,5m,50336600.228935
2024-11-09 02:50:00,Ednagfk7DGQvtL5TWpNjn1VjmsRcGe4xR23GPWcApump,0.0003721828573213021,0.0003755468358988729,0.00026233490438761235,0.0002918566953792899,5m,40950070.310021
2024-11-09 02:55:00,Ednagfk7DGQvtL5TWpNjn1VjmsRcGe4xR23GPWcApump,0.0004470278183459258,0.0004470278183459258,0.00036182119478549515,0.0003721828573213021,5m,49675428.626278
2024-11-09 03:00:00,Ednagfk7DGQvtL5TWpNjn1VjmsRcGe4xR23GPWcApump,0.0004033080431141838,0.0005153278209193066,0.0004033080431141838,0.0004470278183459258,5m,24428115.762246996
2024-11-09 03:05:00,Ednagfk7DGQvtL5TWpNjn1VjmsRcGe4xR23GPWcApump,0.000420101586001747,0.000420101586001747,0.00037470755103026845,0.0004033080431141838,5m,29043814.947311997
2024-11-09 03:10:00,Ednagfk7DGQvtL5TWpNjn1VjmsRcGe4xR23GPWcApump,0.00041461863022099145,0.0004241562565199897,0.00040569131536368467,0.000420101586001747,5m,10381838.853666
2024-11-09 03:15:00,Ednagfk7DGQvtL5TWpNjn1VjmsRcGe4xR23GPWcApump,0.0003281317730790868,0.00041677770186017237,0.000317543423994599,0.00041461863022099145,5m,32521559.52457999
2024-11-09 03:20:00,Ednagfk7DGQvtL5TWpNjn1VjmsRcGe4xR23GPWcApump,0.0004041492714902189,0.0004177924597730367,0.00032563797961106147,0.0003281317730790868,5m,17978708.692292012
2024-11-09 03:25:00,Ednagfk7DGQvtL5TWpNjn1VjmsRcGe4xR23GPWcApump,0.0003418661931108059,0.0004246974279684975,0.0003418661931108059,0.0004041492714902189,5m,19877651.697092
2024-11-09 03:30:00,Ednagfk7DGQvtL5TWpNjn1VjmsRcGe4xR23GPWcApump,0.0002897526903340119,0.0003694012887085981,0.00026743361291261365,0.0003418661931108059,5m,82103153.56450802
2024-11-09 03:35:00,Ednagfk7DGQvtL5TWpNjn1VjmsRcGe4xR23GPWcApump,0.00027922710845451913,0.0002897526903340119,0.00023787463462799716,0.0002897526903340119,5m,78486989.82778999
2024-11-09 03:40:00,Ednagfk7DGQvtL5TWpNjn1VjmsRcGe4xR23GPWcApump,0.00029198661588767185,0.00029198661588767185,0.0002618273312515369,0.00027922710845451913,5m,13172044.147729
2024-11-09 03:45:00,Ednagfk7DGQvtL5TWpNjn1VjmsRcGe4xR23GPWcApump,0.0003203300133246407,0.000321052232128762,0.0002904624975031246,0.00029198661588767185,5m,13398649.284177998
2024-11-09 03:50:00,Ednagfk7DGQvtL5TWpNjn1VjmsRcGe4xR23GPWcApump,0.0002601918910022914,0.0003203300133246407,0.00025551842360264405,0.0003203300133246407,5m,18281160.933954995
2024-11-09 03:55:00,Ednagfk7DGQvtL5TWpNjn1VjmsRcGe4xR23GPWcApump,0.0002700465325073486,0.0002972810321151472,0.00025905451994110584,0.0002601918910022914,5m,22503319.827024
2024-11-09 04:00:00,Ednagfk7DGQvtL5TWpNjn1VjmsRcGe4xR23GPWcApump,0.00026112716191964793,0.00027170031832235447,0.00024561431081581255,0.0002700465325073486,5m,14152601.069467
2024-11-09 04:05:00,Ednagfk7DGQvtL5TWpNjn1VjmsRcGe4xR23GPWcApump,0.0002370149611071194,0.00026112716191964793,0.0002158259132757605,0.00026112716191964793,5m,33864051.97586599
2024-11-09 04:10:00,Ednagfk7DGQvtL5TWpNjn1VjmsRcGe4xR23GPWcApump,0.00022766483159292986,0.0002370149611071194,0.00022766483159292986,0.0002370149611071194,5m,6018450.08255
2024-11-09 04:15:00,Ednagfk7DGQvtL5TWpNjn1VjmsRcGe4xR23GPWcApump,0.00022562536332200404,0.00023650912706059258,0.000223478483840754,0.00022766483159292986,5m,15013790.897751998
2024-11-09 04:20:00,Ednagfk7DGQvtL5TWpNjn1VjmsRcGe4xR23GPWcApump,0.000294447106329741,0.0002959284257272759,0.00022562536332200404,0.00022562536332200404,5m,26137007.671779
2024-11-09 04:25:00,Ednagfk7DGQvtL5TWpNjn1VjmsRcGe4xR23GPWcApump,0.0002776000270171431,0.000294447106329741,0.0002756995574924183,0.000294447106329741,5m,5405559.67147
2024-11-09 04:30:00,Ednagfk7DGQvtL5TWpNjn1VjmsRcGe4xR23GPWcApump,0.0002681422075186288,0.0002776000270171431,0.0002681422075186288,0.0002776000270171431,5m,4013146.389174
2024-11-09 04:35:00,Ednagfk7DGQvtL5TWpNjn1VjmsRcGe4xR23GPWcApump,0.000299695735659964,0.00030100290110063945,0.0002678088274955218,0.0002681422075186288,5m,11716507.878008002
2024-11-09 04:40:00,Ednagfk7DGQvtL5TWpNjn1VjmsRcGe4xR23GPWcApump,0.0003198457673662322,0.0003354168194690784,0.00029938585766789736,0.000299695735659964,5m,29615253.723918997
2024-11-09 04:45:00,Ednagfk7DGQvtL5TWpNjn1VjmsRcGe4xR23GPWcApump,0.00029935902440190825,0.00032610013919314433,0.0002931537124696382,0.0003198457673662322,5m,11176439.666824002
2024-11-09 04:50:00,Ednagfk7DGQvtL5TWpNjn1VjmsRcGe4xR23GPWcApump,0.0002923628199566309,0.00030190816719161844,0.0002923628199566309,0.00029935902440190825,5m,3539382.236005
2024-11-09 04:55:00,Ednagfk7DGQvtL5TWpNjn1VjmsRcGe4xR23GPWcApump,0.00026916217668235146,0.0002923628199566309,0.0002665411496726423,0.0002923628199566309,5m,8072203.909993
2024-11-09 05:00:00,Ednagfk7DGQvtL5TWpNjn1VjmsRcGe4xR23GPWcApump,0.000274274603452199,0.000274274603452199,0.00024206158759281806,0.00026916217668235146,5m,19463450.793180004
2024-11-09 05:05:00,Ednagfk7DGQvtL5TWpNjn1VjmsRcGe4xR23GPWcApump,0.00022965357673016308,0.000274274603452199,0.00022338085733498715,0.000274274603452199,5m,25368070.638082992
2024-11-09 05:10:00,Ednagfk7DGQvtL5TWpNjn1VjmsRcGe4xR23GPWcApump,0.00021454116109047283,0.00023242866767999253,0.00020974144084304625,0.00022965357673016308,5m,14228261.005339004
2024-11-09 05:15:00,Ednagfk7DGQvtL5TWpNjn1VjmsRcGe4xR23GPWcApump,0.0001951589418245463,0.00021559489339295095,0.00019211546161258412,0.00021454116109047283,5m,21186971.354158998
2024-11-09 05:20:00,Ednagfk7DGQvtL5TWpNjn1VjmsRcGe4xR23GPWcApump,0.00017679505315616043,0.00019632605918682553,0.00017679505315616043,0.0001951589418245463,5m,21966568.61259099
2024-11-09 05:25:00,Ednagfk7DGQvtL5TWpNjn1VjmsRcGe4xR23GPWcApump,0.00019288485662390722,0.00020274564062364766,0.00017454231125413675,0.00017679505315616043,5m,25166602.04746599
2024-11-09 05:30:00,Ednagfk7DGQvtL5TWpNjn1VjmsRcGe4xR23GPWcApump,0.0001790936433967274,0.00019288485662390722,0.00017812586628588754,0.00019288485662390722,5m,9318739.628579
2024-11-09 05:35:00,Ednagfk7DGQvtL5TWpNjn1VjmsRcGe4xR23GPWcApump,0.00014244382357661575,0.00017911714096828418,0.00013406522446218172,0.0001790936433967274,5m,47475849.933785
2024-11-09 05:40:00,Ednagfk7DGQvtL5TWpNjn1VjmsRcGe4xR23GPWcApump,0.00015262670537956587,0.00015262670537956587,0.0001309558951291525,0.00014244382357661575,5m,42103012.15696899
2024-11-09 05:45:00,Ednagfk7DGQvtL5TWpNjn1VjmsRcGe4xR23GPWcApump,0.00014381914339390398,0.0001581132093172453,0.0001437496445504836,0.00015262670537956587,5m,19477639.903252
2024-11-09 05:50:00,Ednagfk7DGQvtL5TWpNjn1VjmsRcGe4xR23GPWcApump,0.00017562892359310935,0.0001793759382032516,0.00014381914339390398,0.00014381914339390398,5m,27726497.903332993
2024-11-09 05:55:00,Ednagfk7DGQvtL5TWpNjn1VjmsRcGe4xR23GPWcApump,0.000171591674681598,0.00018266281563141592,0.00016434983869525368,0.00017562892359310935,5m,29965088.29620999
2024-11-09 06:00:00,Ednagfk7DGQvtL5TWpNjn1VjmsRcGe4xR23GPWcApump,0.00015879805764134776,0.00017246180331457415,0.0001581099595146932,0.000171591674681598,5m,9675224.562528
2024-11-09 06:05:00,Ednagfk7DGQvtL5TWpNjn1VjmsRcGe4xR23GPWcApump,0.00015797678549406827,0.00015879805764134776,0.00015284441001505475,0.00015879805764134776,5m,6841373.327656001
2024-11-09 06:10:00,Ednagfk7DGQvtL5TWpNjn1VjmsRcGe4xR23GPWcApump,0.0001860478640045555,0.0001860478640045555,0.00015797678549406827,0.00015797678549406827,5m,14585058.038102994
2024-11-09 06:15:00,Ednagfk7DGQvtL5TWpNjn1VjmsRcGe4xR23GPWcApump,0.00019061225255203015,0.00019061225255203015,0.00018444602730748516,0.0001860478640045555,5m,6904559.817375
2024-11-09 06:20:00,Ednagfk7DGQvtL5TWpNjn1VjmsRcGe4xR23GPWcApump,0.00020488961288033978,0.00020534571234458412,0.00019061225255203015,0.00019061225255203015,5m,7366326.385775998
2024-11-09 06:25:00,Ednagfk7DGQvtL5TWpNjn1VjmsRcGe4xR23GPWcApump,0.0001909793300919771,0.0002057933873363705,0.0001909793300919771,0.00020488961288033978,5m,6455892.514897001
2024-11-09 06:30:00,Ednagfk7DGQvtL5TWpNjn1VjmsRcGe4xR23GPWcApump,0.00017060221252845447,0.0002062125108271884,0.0001680094910656095,0.0001909793300919771,5m,39652637.132601
2024-11-09 06:35:00,Ednagfk7DGQvtL5TWpNjn1VjmsRcGe4xR23GPWcApump,0.00017165916547389222,0.00017376663845369475,0.00017057034375632618,0.00017060221252845447,5m,3510098.7108449996
2024-11-09 06:40:00,Ednagfk7DGQvtL5TWpNjn1VjmsRcGe4xR23GPWcApump,0.00017754758229472992,0.00017888360742848678,0.00017053940079069898,0.00017165916547389222,5m,4829133.067313
2024-11-09 06:45:00,Ednagfk7DGQvtL5TWpNjn1VjmsRcGe4xR23GPWcApump,0.00016438162719602372,0.00017754758229472992,0.00016385747503231326,0.00017754758229472992,5m,6695553.228862001
2024-11-09 06:50:00,Ednagfk7DGQvtL5TWpNjn1VjmsRcGe4xR23GPWcApump,0.0001533268667987842,0.00016438162719602372,0.00015295965933665963,0.00016438162719602372,5m,7453420.442139
2024-11-09 06:55:00,Ednagfk7DGQvtL5TWpNjn1VjmsRcGe4xR23GPWcApump,0.00015211272256786764,0.0001533268667987842,0.00015141239096784276,0.0001533268667987842,5m,709525.5982929998
2024-11-09 07:00:00,Ednagfk7DGQvtL5TWpNjn1VjmsRcGe4xR23GPWcApump,0.0001508999587208898,0.00015614094104436313,0.00014639357472760265,0.00015211272256786764,5m,12933086.250051
2024-11-09 07:05:00,Ednagfk7DGQvtL5TWpNjn1VjmsRcGe4xR23GPWcApump,0.00016034328688322995,0.00016187843282537082,0.00015007013369659132,0.0001508999587208898,5m,10372209.232725998
2024-11-09 07:10:00,Ednagfk7DGQvtL5TWpNjn1VjmsRcGe4xR23GPWcApump,0.0001643658944099569,0.0001670399533346803,0.0001591075409829821,0.00016034328688322995,5m,7804877.871245999
2024-11-09 07:15:00,Ednagfk7DGQvtL5TWpNjn1VjmsRcGe4xR23GPWcApump,0.00015157837773312506,0.0001643658944099569,0.00015157837773312506,0.0001643658944099569,5m,9132802.8804
2024-11-09 07:20:00,Ednagfk7DGQvtL5TWpNjn1VjmsRcGe4xR23GPWcApump,0.0001340107055263364,0.00015157837773312506,0.0001335919233019892,0.00015157837773312506,5m,16115842.626551004
2024-11-09 07:25:00,Ednagfk7DGQvtL5TWpNjn1VjmsRcGe4xR23GPWcApump,0.00013822002946171566,0.00013895451693237407,0.0001340107055263364,0.0001340107055263364,5m,4769814.818605999
2024-11-09 07:30:00,Ednagfk7DGQvtL5TWpNjn1VjmsRcGe4xR23GPWcApump,0.00014134360628140439,0.00014154859931540603,0.00013802733442430927,0.00013822002946171566,5m,3464462.9408230004
2024-11-09 07:35:00,Ednagfk7DGQvtL5TWpNjn1VjmsRcGe4xR23GPWcApump,0.00013596976395547174,0.00014227651454805208,0.00013596976395547174,0.00014134360628140439,5m,9011483.153244002
2024-11-09 07:40:00,Ednagfk7DGQvtL5TWpNjn1VjmsRcGe4xR23GPWcApump,0.00013039186003019056,0.00013596976395547174,0.00013039186003019056,0.00013596976395547174,5m,4083182.226214
2024-11-09 07:45:00,Ednagfk7DGQvtL5TWpNjn1VjmsRcGe4xR23GPWcApump,0.0001270403898806158,0.00013039883362938318,0.0001260960927565484,0.00013039186003019056,5m,5277421.072501001
2024-11-09 07:50:00,Ednagfk7DGQvtL5TWpNjn1VjmsRcGe4xR23GPWcApump,0.00015683621227699393,0.00015704621024358398,0.00012653664080650664,0.0001270403898806158,5m,21827663.764241006
2024-11-09 07:55:00,Ednagfk7DGQvtL5TWpNjn1VjmsRcGe4xR23GPWcApump,0.00015568150874697515,0.00015683621227699393,0.0001458043364492602,0.00015683621227699393,5m,13786914.481678996
2024-11-09 08:00:00,Ednagfk7DGQvtL5TWpNjn1VjmsRcGe4xR23GPWcApump,0.00015218984435437906,0.0001560528077137285,0.00015198488527083746,0.00015568150874697515,5m,3517213.225574
2024-11-09 08:05:00,Ednagfk7DGQvtL5TWpNjn1VjmsRcGe4xR23GPWcApump,0.00016096114974596516,0.00016096114974596516,0.00015010315245198114,0.00015218984435437906,5m,8327531.508288002
2024-11-09 08:10:00,Ednagfk7DGQvtL5TWpNjn1VjmsRcGe4xR23GPWcApump,0.000159031906770476,0.00016494533488143576,0.000159031906770476,0.00016096114974596516,5m,6226726.0183299985
2024-11-09 08:15:00,Ednagfk7DGQvtL5TWpNjn1VjmsRcGe4xR23GPWcApump,0.00016350124425084723,0.0001676846098269924,0.0001580193341186142,0.000159031906770476,5m,12611328.094062002
2024-11-09 08:20:00,Ednagfk7DGQvtL5TWpNjn1VjmsRcGe4xR23GPWcApump,0.0001688665052096848,0.00016926680979525107,0.00016350124425084723,0.00016350124425084723,5m,3633049.5961989993
2024-11-09 08:25:00,Ednagfk7DGQvtL5TWpNjn1VjmsRcGe4xR23GPWcApump,0.00016149900277828529,0.0001688665052096848,0.00016149900277828529,0.0001688665052096848,5m,4496232.398532
2024-11-09 08:30:00,Ednagfk7DGQvtL5TWpNjn1VjmsRcGe4xR23GPWcApump,0.00015292201704188022,0.00016149900277828529,0.00015292201704188022,0.00016149900277828529,5m,5106778.770781
2024-11-09 08:35:00,Ednagfk7DGQvtL5TWpNjn1VjmsRcGe4xR23GPWcApump,0.00018829633793500622,0.00020426129989295456,0.00015176065165604092,0.00015292201704188022,5m,38188767.323165
2024-11-09 08:40:00,Ednagfk7DGQvtL5TWpNjn1VjmsRcGe4xR23GPWcApump,0.00018622190557441358,0.00020563485225155945,0.00017036694184886236,0.00018829633793500622,5m,50891585.139064014
2024-11-09 08:45:00,Ednagfk7DGQvtL5TWpNjn1VjmsRcGe4xR23GPWcApump,0.00019482730880630172,0.00020023997056064556,0.0001820715148737353,0.00018622190557441358,5m,21025032.384349
2024-11-09 08:50:00,Ednagfk7DGQvtL5TWpNjn1VjmsRcGe4xR23GPWcApump,0.00022301767674152227,0.00023638646915747233,0.00019443480630959974,0.00019482730880630172,5m,42554004.63610499
2024-11-09 08:55:00,Ednagfk7DGQvtL5TWpNjn1VjmsRcGe4xR23GPWcApump,0.00020728850657443927,0.00022301767674152227,0.00020728850657443927,0.00022301767674152227,5m,9771054.059183002
2024-11-09 09:00:00,Ednagfk7DGQvtL5TWpNjn1VjmsRcGe4xR23GPWcApump,0.0001970580153077373,0.0002078351399854126,0.0001970580153077373,0.00020728850657443927,5m,5100475.442732001
2024-11-09 09:05:00,Ednagfk7DGQvtL5TWpNjn1VjmsRcGe4xR23GPWcApump,0.00019456595861105252,0.0001970580153077373,0.00019255989290683102,0.0001970580153077373,5m,3109268.324238
2024-11-09 09:10:00,Ednagfk7DGQvtL5TWpNjn1VjmsRcGe4xR23GPWcApump,0.00018463011905435825,0.00019456595861105252,0.00018463011905435825,0.00019456595861105252,5m,6120075.460910999
2024-11-09 09:15:00,Ednagfk7DGQvtL5TWpNjn1VjmsRcGe4xR23GPWcApump,0.00017981651419015943,0.00018463011905435825,0.00017981651419015943,0.00018463011905435825,5m,1507618.5156649998
2024-11-09 09:20:00,Ednagfk7DGQvtL5TWpNjn1VjmsRcGe4xR23GPWcApump,0.00016463607614587236,0.00017981651419015943,0.00016284376203244038,0.00017981651419015943,5m,14274477.88758
2024-11-09 09:25:00,Ednagfk7DGQvtL5TWpNjn1VjmsRcGe4xR23GPWcApump,0.00015713321386761966,0.00016463607614587236,0.00015652308787343733,0.00016463607614587236,5m,5615992.6219999995
2024-11-09 09:30:00,Ednagfk7DGQvtL5TWpNjn1VjmsRcGe4xR23GPWcApump,0.00015841957136997217,0.00015841957136997217,0.00015441416972837793,0.00015713321386761966,5m,3788994.352564
2024-11-09 09:35:00,Ednagfk7DGQvtL5TWpNjn1VjmsRcGe4xR23GPWcApump,0.0001606372804216885,0.0001606372804216885,0.00015661840584763482,0.00015841957136997217,5m,5739945.474779
2024-11-09 09:40:00,Ednagfk7DGQvtL5TWpNjn1VjmsRcGe4xR23GPWcApump,0.00019106970075385068,0.00019106970075385068,0.00016011829881215712,0.0001606372804216885,5m,14742145.051661
2024-11-09 09:45:00,Ednagfk7DGQvtL5TWpNjn1VjmsRcGe4xR23GPWcApump,0.00018419443054871974,0.00019140287627572467,0.00018345135188324973,0.00019106970075385068,5m,6004782.561738001
2024-11-09 09:50:00,Ednagfk7DGQvtL5TWpNjn1VjmsRcGe4xR23GPWcApump,0.0001831358771903427,0.00018456819482976338,0.0001831358771903427,0.00018419443054871974,5m,597556.835935
2024-11-09 09:55:00,Ednagfk7DGQvtL5TWpNjn1VjmsRcGe4xR23GPWcApump,0.00021521843892602407,0.00021580994723486465,0.0001831358771903427,0.0001831358771903427,5m,14152255.115861995
2024-11-09 10:00:00,Ednagfk7DGQvtL5TWpNjn1VjmsRcGe4xR23GPWcApump,0.00023342121450452584,0.0002375955807265448,0.0002120589094711502,0.00021521843892602407,5m,16034986.085737001
2024-11-09 10:05:00,Ednagfk7DGQvtL5TWpNjn1VjmsRcGe4xR23GPWcApump,0.0002630989836213173,0.00026377222564268684,0.00023342121450452584,0.00023342121450452584,5m,18675993.079005998
2024-11-09 10:10:00,Ednagfk7DGQvtL5TWpNjn1VjmsRcGe4xR23GPWcApump,0.0002851080984045238,0.0003003364978371973,0.00025008340081127746,0.0002630989836213173,5m,21044856.864329
2024-11-09 10:15:00,Ednagfk7DGQvtL5TWpNjn1VjmsRcGe4xR23GPWcApump,0.0003023928060336929,0.0003023928060336929,0.0002834974178301373,0.0002851080984045238,5m,5405298.781043999
2024-11-09 10:20:00,Ednagfk7DGQvtL5TWpNjn1VjmsRcGe4xR23GPWcApump,0.00033653302789550494,0.00034734334810998123,0.00029845511221596134,0.0003023928060336929,5m,17170105.787882
2024-11-09 10:25:00,Ednagfk7DGQvtL5TWpNjn1VjmsRcGe4xR23GPWcApump,0.0003614849198802134,0.0003631751072445141,0.0003314878379411932,0.00033653302789550494,5m,8153958.970700999
2024-11-09 10:30:00,Ednagfk7DGQvtL5TWpNjn1VjmsRcGe4xR23GPWcApump,0.0003422988822474748,0.00036801076420782283,0.00034227511279219226,0.0003614849198802134,5m,6018832.489085
2024-11-09 10:35:00,Ednagfk7DGQvtL5TWpNjn1VjmsRcGe4xR23GPWcApump,0.000326756322929471,0.0003422988822474748,0.000326756322929471,0.0003422988822474748,5m,2876542.205978001
2024-11-09 10:40:00,Ednagfk7DGQvtL5TWpNjn1VjmsRcGe4xR23GPWcApump,0.0003094104278730104,0.000326756322929471,0.00028409189825192904,0.000326756322929471,5m,24446900.280863993
2024-11-09 10:45:00,Ednagfk7DGQvtL5TWpNjn1VjmsRcGe4xR23GPWcApump,0.00029960218195180204,0.0003094104278730104,0.0002977212781121645,0.0003094104278730104,5m,3113127.0022129994
2024-11-09 10:50:00,Ednagfk7DGQvtL5TWpNjn1VjmsRcGe4xR23GPWcApump,0.0002928437329965856,0.00030259142836320136,0.0002928437329965856,0.00029960218195180204,5m,4010883.9631519997
2024-11-09 10:55:00,Ednagfk7DGQvtL5TWpNjn1VjmsRcGe4xR23GPWcApump,0.0002702192438486427,0.0002928437329965856,0.0002702192438486427,0.0002928437329965856,5m,6028298.996056999
2024-11-09 11:00:00,Ednagfk7DGQvtL5TWpNjn1VjmsRcGe4xR23GPWcApump,0.0003820662988651207,0.0003890075617320255,0.00026894197166898136,0.0002702192438486427,5m,29435725.90452201
2024-11-09 11:05:00,Ednagfk7DGQvtL5TWpNjn1VjmsRcGe4xR23GPWcApump,0.0004276988465430423,0.0004346015950597258,0.0003820662988651207,0.0003820662988651207,5m,33416751.375862997
2024-11-09 11:10:00,Ednagfk7DGQvtL5TWpNjn1VjmsRcGe4xR23GPWcApump,0.0004160024620272638,0.00043521873388647646,0.0004052651113152572,0.0004276988465430423,5m,8532867.689367
2024-11-09 11:15:00,Ednagfk7DGQvtL5TWpNjn1VjmsRcGe4xR23GPWcApump,0.00046231457610683955,0.0004947161250876221,0.0004160024620272638,0.0004160024620272638,5m,16438890.845478998
2024-11-09 11:20:00,Ednagfk7DGQvtL5TWpNjn1VjmsRcGe4xR23GPWcApump,0.0005055913570802047,0.000546610063123812,0.0004418048164266365,0.00046231457610683955,5m,19973242.344529998
2024-11-09 11:25:00,Ednagfk7DGQvtL5TWpNjn1VjmsRcGe4xR23GPWcApump,0.0005955950613459529,0.0006019626263961928,0.0005055913570802047,0.0005055913570802047,5m,15891501.584734995
2024-11-09 11:30:00,Ednagfk7DGQvtL5TWpNjn1VjmsRcGe4xR23GPWcApump,0.0005367818984111015,0.0006009299376025347,0.0005367818984111015,0.0005955950613459529,5m,10145509.063829
2024-11-09 11:35:00,Ednagfk7DGQvtL5TWpNjn1VjmsRcGe4xR23GPWcApump,0.0005164402867593936,0.0005519687152905465,0.0005020281732239834,0.0005367818984111015,5m,9724231.806555
2024-11-09 11:40:00,Ednagfk7DGQvtL5TWpNjn1VjmsRcGe4xR23GPWcApump,0.0005507652788319508,0.0005507652788319508,0.0005106415730048349,0.0005164402867593936,5m,12282225.966866001
2024-11-09 11:45:00,Ednagfk7DGQvtL5TWpNjn1VjmsRcGe4xR23GPWcApump,0.0004997626661561201,0.0006146137342660639,0.0004997626661561201,0.0005507652788319508,5m,23100043.274538003
2024-11-09 11:50:00,Ednagfk7DGQvtL5TWpNjn1VjmsRcGe4xR23GPWcApump,0.0004597854205256118,0.0004997626661561201,0.00045245458193458594,0.0004997626661561201,5m,7101167.438023999
2024-11-09 11:55:00,Ednagfk7DGQvtL5TWpNjn1VjmsRcGe4xR23GPWcApump,0.00044388176118564823,0.0004597854205256118,0.00044388176118564823,0.0004597854205256118,5m,3221484.652122
2024-11-09 12:00:00,Ednagfk7DGQvtL5TWpNjn1VjmsRcGe4xR23GPWcApump,0.0003999212907937646,0.00044388176118564823,0.00039511477126971407,0.00044388176118564823,5m,10809978.798982
2024-11-09 12:05:00,Ednagfk7DGQvtL5TWpNjn1VjmsRcGe4xR23GPWcApump,0.00035544462543197943,0.0003999212907937646,0.00034686953566815494,0.0003999212907937646,5m,23316551.950890996
2024-11-09 12:10:00,Ednagfk7DGQvtL5TWpNjn1VjmsRcGe4xR23GPWcApump,0.00035715648307146756,0.0003709477244382364,0.00031536739918685533,0.00035544462543197943,5m,35388271.26919999
2024-11-09 12:15:00,Ednagfk7DGQvtL5TWpNjn1VjmsRcGe4xR23GPWcApump,0.0003339552976366378,0.00035715648307146756,0.0003325693619325957,0.00035715648307146756,5m,8674058.730897998
2024-11-09 12:20:00,Ednagfk7DGQvtL5TWpNjn1VjmsRcGe4xR23GPWcApump,0.00035121857891389245,0.00035121857891389245,0.0003282925343014041,0.0003339552976366378,5m,7767758.293823
2024-11-09 12:25:00,Ednagfk7DGQvtL5TWpNjn1VjmsRcGe4xR23GPWcApump,0.0002743132259437776,0.00035347076941568865,0.0002716013512721041,0.00035121857891389245,5m,50928507.69387899
2024-11-09 12:30:00,Ednagfk7DGQvtL5TWpNjn1VjmsRcGe4xR23GPWcApump,0.0002849771789109169,0.0002875374681166792,0.0002707073644363313,0.0002743132259437776,5m,15579327.965341
2024-11-09 12:35:00,Ednagfk7DGQvtL5TWpNjn1VjmsRcGe4xR23GPWcApump,0.00030378560074320685,0.00031248971145331574,0.0002849771789109169,0.0002849771789109169,5m,7042631.535425
2024-11-09 12:40:00,Ednagfk7DGQvtL5TWpNjn1VjmsRcGe4xR23GPWcApump,0.0003120453319779174,0.0003137569592284581,0.0002862606806995129,0.00030378560074320685,5m,19501299.901645
2024-11-09 12:45:00,Ednagfk7DGQvtL5TWpNjn1VjmsRcGe4xR23GPWcApump,0.000301575939199049,0.0003120453319779174,0.000301575939199049,0.0003120453319779174,5m,2484114.2880829996
2024-11-09 12:50:00,Ednagfk7DGQvtL5TWpNjn1VjmsRcGe4xR23GPWcApump,0.00026743853877314935,0.0003074666997981373,0.00025689428058931667,0.000301575939199049,5m,26095596.874891
2024-11-09 12:55:00,Ednagfk7DGQvtL5TWpNjn1VjmsRcGe4xR23GPWcApump,0.00026698387407714404,0.00026794370170292876,0.00026461297286449806,0.00026743853877314935,5m,2740350.5030809995
2024-11-09 13:00:00,Ednagfk7DGQvtL5TWpNjn1VjmsRcGe4xR23GPWcApump,0.0002862847141167853,0.00028708972930852023,0.00026698387407714404,0.00026698387407714404,5m,14890219.42303
2024-11-09 13:05:00,Ednagfk7DGQvtL5TWpNjn1VjmsRcGe4xR23GPWcApump,0.00028800260689298653,0.000289228927277076,0.00027807083845988567,0.0002862847141167853,5m,8440837.001996001
2024-11-09 13:10:00,Ednagfk7DGQvtL5TWpNjn1VjmsRcGe4xR23GPWcApump,0.00027905443170848416,0.00028800260689298653,0.00027905443170848416,0.00028800260689298653,5m,2408925.415784
2024-11-09 13:15:00,Ednagfk7DGQvtL5TWpNjn1VjmsRcGe4xR23GPWcApump,0.0002676179717783217,0.00027905443170848416,0.0002676179717783217,0.00027905443170848416,5m,2457932.5594019997
2024-11-09 13:20:00,Ednagfk7DGQvtL5TWpNjn1VjmsRcGe4xR23GPWcApump,0.0002679363784330007,0.0002863995569769992,0.00025311396743426634,0.0002676179717783217,5m,20023826.203420002
2024-11-09 13:25:00,Ednagfk7DGQvtL5TWpNjn1VjmsRcGe4xR23GPWcApump,0.00026776503900649535,0.0002679363784330007,0.00026434614423231743,0.0002679363784330007,5m,2007133.092042
2024-11-09 13:30:00,Ednagfk7DGQvtL5TWpNjn1VjmsRcGe4xR23GPWcApump,0.00026753021077124647,0.00026776503900649535,0.0002657096295844889,0.00026776503900649535,5m,594669.0353630001
2024-11-09 13:35:00,Ednagfk7DGQvtL5TWpNjn1VjmsRcGe4xR23GPWcApump,0.0002843984180829879,0.0002843984180829879,0.00026753021077124647,0.00026753021077124647,5m,7892358.811848
2024-11-09 13:40:00,Ednagfk7DGQvtL5TWpNjn1VjmsRcGe4xR23GPWcApump,0.00028509963221097804,0.0003222687747184715,0.00028006746077191314,0.0002843984180829879,5m,18614631.127254
2024-11-09 13:45:00,Ednagfk7DGQvtL5TWpNjn1VjmsRcGe4xR23GPWcApump,0.0003705734298769942,0.0003723771750034638,0.00028509963221097804,0.00028509963221097804,5m,20422787.646781
2024-11-09 13:50:00,Ednagfk7DGQvtL5TWpNjn1VjmsRcGe4xR23GPWcApump,0.00035451865630212854,0.0003705734298769942,0.0003531673146499288,0.0003705734298769942,5m,9344382.899303002
2024-11-09 13:55:00,Ednagfk7DGQvtL5TWpNjn1VjmsRcGe4xR23GPWcApump,0.0003671181763119883,0.0003671181763119883,0.0003525885889457925,0.00035451865630212854,5m,4831360.674328
2024-11-09 14:00:00,Ednagfk7DGQvtL5TWpNjn1VjmsRcGe4xR23GPWcApump,0.0003962561619564974,0.00040005432116827936,0.0003671181763119883,0.0003671181763119883,5m,10554512.298071003
2024-11-09 14:05:00,Ednagfk7DGQvtL5TWpNjn1VjmsRcGe4xR23GPWcApump,0.00035977242170988013,0.0003962561619564974,0.0003586325019140708,0.0003962561619564974,5m,5818893.318266
2024-11-09 14:10:00,Ednagfk7DGQvtL5TWpNjn1VjmsRcGe4xR23GPWcApump,0.0003592905150984266,0.0003707172175205521,0.0003591036087223767,0.00035977242170988013,5m,4697287.241134999
2024-11-09 14:15:00,Ednagfk7DGQvtL5TWpNjn1VjmsRcGe4xR23GPWcApump,0.0003491020435842555,0.0003592905150984266,0.0003491020435842555,0.0003592905150984266,5m,2240751.10677
2024-11-09 14:20:00,Ednagfk7DGQvtL5TWpNjn1VjmsRcGe4xR23GPWcApump,0.0003712758515359761,0.00037153928312718386,0.000342722212422966,0.0003491020435842555,5m,5593309.542989001
2024-11-09 14:25:00,Ednagfk7DGQvtL5TWpNjn1VjmsRcGe4xR23GPWcApump,0.00037483374874907927,0.0003769330643842077,0.0003649493453825388,0.0003712758515359761,5m,3215085.2386659994
2024-11-09 14:30:00,Ednagfk7DGQvtL5TWpNjn1VjmsRcGe4xR23GPWcApump,0.0003656484671456861,0.00037716444651178337,0.0003656484671456861,0.00037483374874907927,5m,1839871.348962
2024-11-09 14:35:00,Ednagfk7DGQvtL5TWpNjn1VjmsRcGe4xR23GPWcApump,0.00036325413141158883,0.00036578141331399964,0.00036325413141158883,0.0003656484671456861,5m,307643.648691
2024-11-09 14:40:00,Ednagfk7DGQvtL5TWpNjn1VjmsRcGe4xR23GPWcApump,0.00035792361109114525,0.00036325413141158883,0.00035648153032061264,0.00036325413141158883,5m,1154545.042456
2024-11-09 14:45:00,Ednagfk7DGQvtL5TWpNjn1VjmsRcGe4xR23GPWcApump,0.0002928521327402806,0.00035792361109114525,0.00029228147382315457,0.00035792361109114525,5m,17951481.134639
2024-11-09 14:50:00,Ednagfk7DGQvtL5TWpNjn1VjmsRcGe4xR23GPWcApump,0.0002882277230594532,0.0002928521327402806,0.0002882277230594532,0.0002928521327402806,5m,2297439.425745
2024-11-09 14:55:00,Ednagfk7DGQvtL5TWpNjn1VjmsRcGe4xR23GPWcApump,0.0002772765219087648,0.0002882277230594532,0.0002772765219087648,0.0002882277230594532,5m,1970089.3386
2024-11-09 15:00:00,Ednagfk7DGQvtL5TWpNjn1VjmsRcGe4xR23GPWcApump,0.00025216214560740027,0.0002772765219087648,0.00024487115727544567,0.0002772765219087648,5m,15057884.505848002
2024-11-09 15:05:00,Ednagfk7DGQvtL5TWpNjn1VjmsRcGe4xR23GPWcApump,0.000243361611774494,0.0002530892769201378,0.00024304066973363108,0.00025216214560740027,5m,4965148.880676
2024-11-09 15:10:00,Ednagfk7DGQvtL5TWpNjn1VjmsRcGe4xR23GPWcApump,0.00023338032723359845,0.0002451398884509832,0.00023153153905646845,0.000243361611774494,5m,5677949.441994001
2024-11-09 15:15:00,Ednagfk7DGQvtL5TWpNjn1VjmsRcGe4xR23GPWcApump,0.00022746975286204246,0.0002335688847598599,0.00021747984561765744,0.00023338032723359845,5m,13723638.688951999
2024-11-09 15:20:00,Ednagfk7DGQvtL5TWpNjn1VjmsRcGe4xR23GPWcApump,0.00023992600634128316,0.0002422553705062458,0.00022606529338951235,0.00022746975286204246,5m,6225502.514884001
2024-11-09 15:25:00,Ednagfk7DGQvtL5TWpNjn1VjmsRcGe4xR23GPWcApump,0.00022381431226341537,0.00023992600634128316,0.00022381431226341537,0.00023992600634128316,5m,4891795.926935
2024-11-09 15:30:00,Ednagfk7DGQvtL5TWpNjn1VjmsRcGe4xR23GPWcApump,0.0002220300400040919,0.00022449075072779226,0.0002220300400040919,0.00022381431226341537,5m,1313040.4992429998
2024-11-09 15:35:00,Ednagfk7DGQvtL5TWpNjn1VjmsRcGe4xR23GPWcApump,0.00023268154621404146,0.00023369395538483262,0.00022015106394972244,0.0002220300400040919,5m,8203350.066785
2024-11-09 15:40:00,Ednagfk7DGQvtL5TWpNjn1VjmsRcGe4xR23GPWcApump,0.0002564719927658329,0.0002587088542855563,0.00022792966871878153,0.00023268154621404146,5m,15526554.979176
2024-11-09 15:45:00,Ednagfk7DGQvtL5TWpNjn1VjmsRcGe4xR23GPWcApump,0.00025828114700357063,0.0002655101860625987,0.000250458987632041,0.0002564719927658329,5m,9689883.178605001
2024-11-09 15:50:00,Ednagfk7DGQvtL5TWpNjn1VjmsRcGe4xR23GPWcApump,0.00026642846636416764,0.00026642846636416764,0.00025406542543589516,0.00025828114700357063,5m,5427266.859223001
2024-11-09 15:55:00,Ednagfk7DGQvtL5TWpNjn1VjmsRcGe4xR23GPWcApump,0.0002737164419070456,0.0002737164419070456,0.00026642846636416764,0.00026642846636416764,5m,1996081.3453179998
2024-11-09 16:00:00,Ednagfk7DGQvtL5TWpNjn1VjmsRcGe4xR23GPWcApump,0.0002680105412082762,0.0002751869806982154,0.0002680105412082762,0.0002737164419070456,5m,3536966.5920049995
2024-11-09 16:05:00,Ednagfk7DGQvtL5TWpNjn1VjmsRcGe4xR23GPWcApump,0.00022669337060694802,0.0002680105412082762,0.00022669337060694802,0.0002680105412082762,5m,13444339.898309004
2024-11-09 16:10:00,Ednagfk7DGQvtL5TWpNjn1VjmsRcGe4xR23GPWcApump,0.00023872867021281893,0.00023872867021281893,0.0002202976846538943,0.00022669337060694802,5m,10712606.086699001
2024-11-09 16:15:00,Ednagfk7DGQvtL5TWpNjn1VjmsRcGe4xR23GPWcApump,0.0002359207985906382,0.00024257300892740856,0.00023546666705213042,0.00023872867021281893,5m,2628889.120018
2024-11-09 16:20:00,Ednagfk7DGQvtL5TWpNjn1VjmsRcGe4xR23GPWcApump,0.00022730079270332152,0.0002359207985906382,0.00022730079270332152,0.0002359207985906382,5m,2608702.422451
2024-11-09 16:25:00,Ednagfk7DGQvtL5TWpNjn1VjmsRcGe4xR23GPWcApump,0.00023614544324779358,0.00023614544324779358,0.0002232567337806408,0.00022730079270332152,5m,7182623.237499
2024-11-09 16:30:00,Ednagfk7DGQvtL5TWpNjn1VjmsRcGe4xR23GPWcApump,0.0002925337031791363,0.0002958899605579009,0.00023614544324779358,0.00023614544324779358,5m,27828344.046213
2024-11-09 16:35:00,Ednagfk7DGQvtL5TWpNjn1VjmsRcGe4xR23GPWcApump,0.0003892741222507197,0.0003892741222507197,0.0002925337031791363,0.0002925337031791363,5m,19504628.668394
2024-11-09 16:40:00,Ednagfk7DGQvtL5TWpNjn1VjmsRcGe4xR23GPWcApump,0.00036955349595515683,0.0003919704406479379,0.0003660448656165869,0.0003892741222507197,5m,10281500.499558996
2024-11-09 16:45:00,Ednagfk7DGQvtL5TWpNjn1VjmsRcGe4xR23GPWcApump,0.00033962287220181114,0.00036955349595515683,0.00033034467142555734,0.00036955349595515683,5m,8845612.669573
2024-11-09 16:50:00,Ednagfk7DGQvtL5TWpNjn1VjmsRcGe4xR23GPWcApump,0.00039603080277203744,0.0004086898070277982,0.0003384538670134787,0.00033962287220181114,5m,14340048.862507999
2024-11-09 16:55:00,Ednagfk7DGQvtL5TWpNjn1VjmsRcGe4xR23GPWcApump,0.0006073313132594464,0.000613115795353713,0.00038219959232366684,0.00039603080277203744,5m,29556909.343216
2024-11-09 17:00:00,Ednagfk7DGQvtL5TWpNjn1VjmsRcGe4xR23GPWcApump,0.0004688034838506086,0.0006075837067191678,0.0004688034838506086,0.0006073313132594464,5m,17904077.000322003
2024-11-09 17:05:00,Ednagfk7DGQvtL5TWpNjn1VjmsRcGe4xR23GPWcApump,0.0004843027050801906,0.0005066805061739766,0.0004688034838506086,0.0004688034838506086,5m,11189535.456206
2024-11-09 17:10:00,Ednagfk7DGQvtL5TWpNjn1VjmsRcGe4xR23GPWcApump,0.000590713179102942,0.0005944977121866151,0.00048394596669491346,0.0004843027050801906,5m,9785188.489360003
2024-11-09 17:15:00,Ednagfk7DGQvtL5TWpNjn1VjmsRcGe4xR23GPWcApump,0.0005450282723266377,0.0005954118556570478,0.0005029943110382765,0.000590713179102942,5m,14419388.016971001
2024-11-09 17:20:00,Ednagfk7DGQvtL5TWpNjn1VjmsRcGe4xR23GPWcApump,0.0005898687264643415,0.0005898687264643415,0.0005257670612284377,0.0005450282723266377,5m,10401433.165723002
2024-11-09 17:25:00,Ednagfk7DGQvtL5TWpNjn1VjmsRcGe4xR23GPWcApump,0.0007008396492738916,0.0007057451709809546,0.0005835780918895123,0.0005898687264643415,5m,20055714.242287
2024-11-09 17:30:00,Ednagfk7DGQvtL5TWpNjn1VjmsRcGe4xR23GPWcApump,0.0007376207901578845,0.0009234107673747364,0.0006780322577612523,0.0007008396492738916,5m,52560001.67073801
2024-11-09 17:35:00,Ednagfk7DGQvtL5TWpNjn1VjmsRcGe4xR23GPWcApump,0.0010462682196770256,0.0010630041203496406,0.0006767742480418774,0.0007376207901578845,5m,34515565.659556
2024-11-09 17:40:00,Ednagfk7DGQvtL5TWpNjn1VjmsRcGe4xR23GPWcApump,0.0008692895381268222,0.0010462682196770256,0.0008645042847817148,0.0010462682196770256,5m,23910572.923930008
2024-11-09 17:45:00,Ednagfk7DGQvtL5TWpNjn1VjmsRcGe4xR23GPWcApump,0.0008104075396963064,0.0008737687513147981,0.000788701022094836,0.0008692895381268222,5m,15745533.189705001
2024-11-09 17:50:00,Ednagfk7DGQvtL5TWpNjn1VjmsRcGe4xR23GPWcApump,0.0007696411270947802,0.0008381420430512352,0.000744966309407164,0.0008104075396963064,5m,10248660.920338998
2024-11-09 17:55:00,Ednagfk7DGQvtL5TWpNjn1VjmsRcGe4xR23GPWcApump,0.0007099648088812003,0.0007764461247208197,0.0006645585289010508,0.0007696411270947802,5m,35395846.324152
2024-11-09 18:00:00,Ednagfk7DGQvtL5TWpNjn1VjmsRcGe4xR23GPWcApump,0.0006918166302088067,0.0007099648088812003,0.0006881891300469644,0.0007099648088812003,5m,5903015.629642999
2024-11-09 18:05:00,Ednagfk7DGQvtL5TWpNjn1VjmsRcGe4xR23GPWcApump,0.000605428812529398,0.0006918166302088067,0.000605428812529398,0.0006918166302088067,5m,12946347.501382997
2024-11-09 18:10:00,Ednagfk7DGQvtL5TWpNjn1VjmsRcGe4xR23GPWcApump,0.0005724218867220446,0.0006121145790952751,0.0005093060933074821,0.000605428812529398,5m,30318696.652783014
2024-11-09 18:15:00,Ednagfk7DGQvtL5TWpNjn1VjmsRcGe4xR23GPWcApump,0.0004971859886521154,0.0005724218867220446,0.0004842767679688588,0.0005724218867220446,5m,30695971.166050997
2024-11-09 18:20:00,Ednagfk7DGQvtL5TWpNjn1VjmsRcGe4xR23GPWcApump,0.0006033113486949202,0.0006033113486949202,0.0004610010139788021,0.0004971859886521154,5m,26210811.387062997
2024-11-09 18:25:00,Ednagfk7DGQvtL5TWpNjn1VjmsRcGe4xR23GPWcApump,0.0005740658069412155,0.0006033113486949202,0.0005434685146022755,0.0006033113486949202,5m,14363352.162805002
2024-11-09 18:30:00,Ednagfk7DGQvtL5TWpNjn1VjmsRcGe4xR23GPWcApump,0.0005640400662655652,0.0006488266528099986,0.0005539314917220325,0.0005740658069412155,5m,24116552.518258
2024-11-09 18:35:00,Ednagfk7DGQvtL5TWpNjn1VjmsRcGe4xR23GPWcApump,0.0004566002400038912,0.0005640400662655652,0.0004397902965131203,0.0005640400662655652,5m,25681531.808638
2024-11-09 18:40:00,Ednagfk7DGQvtL5TWpNjn1VjmsRcGe4xR23GPWcApump,0.00046574874331230937,0.0004791422624598549,0.0004522507941534493,0.0004566002400038912,5m,10318468.164386004
2024-11-09 18:45:00,Ednagfk7DGQvtL5TWpNjn1VjmsRcGe4xR23GPWcApump,0.00045186652102799043,0.00046574874331230937,0.0004456817941392788,0.00046574874331230937,5m,7842123.100777
2024-11-09 18:50:00,Ednagfk7DGQvtL5TWpNjn1VjmsRcGe4xR23GPWcApump,0.0004399077717685071,0.00046804297292570783,0.00043766009628217785,0.00045186652102799043,5m,8442532.588032003
2024-11-09 18:55:00,Ednagfk7DGQvtL5TWpNjn1VjmsRcGe4xR23GPWcApump,0.00043615887875930585,0.0004417481633990437,0.00043615887875930585,0.0004399077717685071,5m,1354603.177576
2024-11-09 19:00:00,Ednagfk7DGQvtL5TWpNjn1VjmsRcGe4xR23GPWcApump,0.00045990847737835216,0.000462339805429325,0.00043615887875930585,0.00043615887875930585,5m,4709172.007641001
