datetime,address,c,h,l,o,type,v
2024-10-25 21:55:00,BAmHS42JqR51sZ6oqPhj4pcqi6dFFYDka77P4Q22pump,0.00011247126151092725,0.00014996649910735537,6.234708670764817e-05,6.485710026056559e-05,5m,613282612.8262821
2024-10-25 22:00:00,BAmHS42JqR51sZ6oqPhj4pcqi6dFFYDka77P4Q22pump,0.0005074711377199038,0.000768016623199112,0.00011247126151092725,0.00011247126151092725,5m,1167075029.6201415
2024-10-25 22:05:00,BAmHS42JqR51sZ6oqPhj4pcqi6dFFYDka77P4Q22pump,0.0005690299751017017,0.0007050233190623551,0.00034361642123182734,0.0005074711377199038,5m,882553846.2623712
2024-10-25 22:10:00,BAmHS42JqR51sZ6oqPhj4pcqi6dFFYDka77P4Q22pump,0.0009769635294868985,0.0022238644122617667,0.000559511125794999,0.0005690299751017017,5m,561781990.0139616
2024-10-25 22:15:00,BAmHS42JqR51sZ6oqPhj4pcqi6dFFYDka77P4Q22pump,0.0004995739305163355,0.0010421987622004935,0.00035811715115701375,0.0009769635294868985,5m,548333238.7541314
2024-10-25 22:20:00,BAmHS42JqR51sZ6oqPhj4pcqi6dFFYDka77P4Q22pump,0.000794268968600913,0.0013491246495609926,0.00040350776503037726,0.0004995739305163355,5m,906383832.1423348
2024-10-25 22:25:00,BAmHS42JqR51sZ6oqPhj4pcqi6dFFYDka77P4Q22pump,0.0014315628916322617,0.0015355840344232162,0.0007125807546264035,0.000794268968600913,5m,342856728.2008097
2024-10-25 22:30:00,BAmHS42JqR51sZ6oqPhj4pcqi6dFFYDka77P4Q22pump,0.0015600517651614466,0.00273011088567954,0.0011318519023884798,0.0014315628916322617,5m,479946556.74050915
2024-10-25 22:35:00,BAmHS42JqR51sZ6oqPhj4pcqi6dFFYDka77P4Q22pump,0.0013821674992246953,0.002324506815714513,0.0011207664992460235,0.0015600517651614466,5m,451607853.7607003
2024-10-25 22:40:00,BAmHS42JqR51sZ6oqPhj4pcqi6dFFYDka77P4Q22pump,0.0011415460053705178,0.001969419496485338,0.0009703422124400826,0.0013821674992246953,5m,390618053.669068
2024-10-25 22:45:00,BAmHS42JqR51sZ6oqPhj4pcqi6dFFYDka77P4Q22pump,0.0014886495309751411,0.0016852737459251376,0.0010213518342870017,0.0011415460053705178,5m,308701740.9691932
2024-10-25 22:50:00,BAmHS42JqR51sZ6oqPhj4pcqi6dFFYDka77P4Q22pump,0.000857266650756887,0.0016290230232247857,0.0006826019777604586,0.0014886495309751411,5m,413255322.6824961
2024-10-25 22:55:00,BAmHS42JqR51sZ6oqPhj4pcqi6dFFYDka77P4Q22pump,0.0006053311518482063,0.0009182264895518617,0.00043226331495246006,0.000857266650756887,5m,774392915.7233322
2024-10-25 23:00:00,BAmHS42JqR51sZ6oqPhj4pcqi6dFFYDka77P4Q22pump,0.0005097498681979017,0.0010230748349577164,0.00036329656715760646,0.0006053311518482063,5m,409887280.5773322
2024-10-25 23:05:00,BAmHS42JqR51sZ6oqPhj4pcqi6dFFYDka77P4Q22pump,0.0006294770733847871,0.0008552234233809564,0.0004978383549980221,0.0005097498681979017,5m,259010888.40883416
2024-10-25 23:10:00,BAmHS42JqR51sZ6oqPhj4pcqi6dFFYDka77P4Q22pump,0.0005201872572090812,0.0008403816312627534,0.0005201474282109118,0.0006294770733847871,5m,152756777.94921502
2024-10-25 23:15:00,BAmHS42JqR51sZ6oqPhj4pcqi6dFFYDka77P4Q22pump,0.0003795631958512484,0.0006123063213906972,0.00025762443741398586,0.0005201872572090812,5m,558826927.8438735
2024-10-25 23:20:00,BAmHS42JqR51sZ6oqPhj4pcqi6dFFYDka77P4Q22pump,0.0004533133933950891,0.000641646342731607,0.0003795631958512484,0.0003795631958512484,5m,186242381.7207989
2024-10-25 23:25:00,BAmHS42JqR51sZ6oqPhj4pcqi6dFFYDka77P4Q22pump,0.0003859379865741864,0.00062021539976424,0.00036374284191016524,0.0004533133933950891,5m,213988849.92232785
2024-10-25 23:30:00,BAmHS42JqR51sZ6oqPhj4pcqi6dFFYDka77P4Q22pump,0.00033512993473553467,0.0004345143243380437,0.00026901036841637925,0.0003859379865741864,5m,181844599.99384898
2024-10-25 23:35:00,BAmHS42JqR51sZ6oqPhj4pcqi6dFFYDka77P4Q22pump,0.0005048776136023901,0.0005372247786687503,0.00033512993473553467,0.00033512993473553467,5m,144480751.5235981
2024-10-25 23:40:00,BAmHS42JqR51sZ6oqPhj4pcqi6dFFYDka77P4Q22pump,0.0003459616815646136,0.000508220317908024,0.0003291357508920073,0.0005048776136023901,5m,104809356.15558206
2024-10-25 23:45:00,BAmHS42JqR51sZ6oqPhj4pcqi6dFFYDka77P4Q22pump,0.0004717558604616576,0.0004717558604616576,0.0003396305758321206,0.0003459616815646136,5m,72210935.55339602
2024-10-25 23:50:00,BAmHS42JqR51sZ6oqPhj4pcqi6dFFYDka77P4Q22pump,0.0005727748685656694,0.0006282540183523363,0.0004717558604616576,0.0004717558604616576,5m,81264915.073845
2024-10-25 23:55:00,BAmHS42JqR51sZ6oqPhj4pcqi6dFFYDka77P4Q22pump,0.0006413066354740949,0.0006824935298866088,0.0005174910376191224,0.0005727748685656694,5m,54033964.557000026
2024-10-26 00:00:00,BAmHS42JqR51sZ6oqPhj4pcqi6dFFYDka77P4Q22pump,0.000609628326693491,0.0007160611184656154,0.0004709353487459061,0.0006413066354740949,5m,68684008.89436804
2024-10-26 00:05:00,BAmHS42JqR51sZ6oqPhj4pcqi6dFFYDka77P4Q22pump,0.00045588826988889535,0.0006646154503877746,0.00041150212581958105,0.000609628326693491,5m,70932527.289991
2024-10-26 00:10:00,BAmHS42JqR51sZ6oqPhj4pcqi6dFFYDka77P4Q22pump,0.0004721804522656793,0.0004721804522656793,0.000371173497432714,0.00045588826988889535,5m,73512402.24040203
2024-10-26 00:15:00,BAmHS42JqR51sZ6oqPhj4pcqi6dFFYDka77P4Q22pump,0.00035553671908110075,0.0004721804522656793,0.00032050181517215563,0.0004721804522656793,5m,87029623.41431406
2024-10-26 00:20:00,BAmHS42JqR51sZ6oqPhj4pcqi6dFFYDka77P4Q22pump,0.00041014935590569273,0.0004699083702371728,0.00035553671908110075,0.00035553671908110075,5m,50330147.24571499
2024-10-26 00:25:00,BAmHS42JqR51sZ6oqPhj4pcqi6dFFYDka77P4Q22pump,0.0005299345049290617,0.0005838427124524077,0.00040889195565043903,0.00041014935590569273,5m,66680746.255669996
2024-10-26 00:30:00,BAmHS42JqR51sZ6oqPhj4pcqi6dFFYDka77P4Q22pump,0.0008216383112925349,0.000877449639285695,0.00052664067710027,0.0005299345049290617,5m,83253340.60015596
2024-10-26 00:35:00,BAmHS42JqR51sZ6oqPhj4pcqi6dFFYDka77P4Q22pump,0.0009906503141778253,0.0011052948999084838,0.0006787116276357828,0.0008216383112925349,5m,130771111.35951899
2024-10-26 00:40:00,BAmHS42JqR51sZ6oqPhj4pcqi6dFFYDka77P4Q22pump,0.0007347089255404987,0.001070980233569969,0.00068447339477378,0.0009906503141778253,5m,132720993.47101992
2024-10-26 00:45:00,BAmHS42JqR51sZ6oqPhj4pcqi6dFFYDka77P4Q22pump,0.0007536489230007173,0.0008617691886802196,0.0006491690894670883,0.0007347089255404987,5m,57204181.12336899
2024-10-26 00:50:00,BAmHS42JqR51sZ6oqPhj4pcqi6dFFYDka77P4Q22pump,0.0005625149875546798,0.0007536489230007173,0.0004723982071864232,0.0007536489230007173,5m,102290801.777617
2024-10-26 00:55:00,BAmHS42JqR51sZ6oqPhj4pcqi6dFFYDka77P4Q22pump,0.0008087843012586176,0.0010888029712966575,0.0005458653706609427,0.0005625149875546798,5m,124579376.81798598
2024-10-26 01:00:00,BAmHS42JqR51sZ6oqPhj4pcqi6dFFYDka77P4Q22pump,0.0006612624315849877,0.0008542385427499372,0.0006278004664166963,0.0008087843012586176,5m,41910904.92497204
2024-10-26 01:05:00,BAmHS42JqR51sZ6oqPhj4pcqi6dFFYDka77P4Q22pump,0.0007839136143768224,0.0007839136143768224,0.0006560960125092303,0.0006612624315849877,5m,26991621.75218401
2024-10-26 01:10:00,BAmHS42JqR51sZ6oqPhj4pcqi6dFFYDka77P4Q22pump,0.0008982439088744703,0.0009107503243619079,0.0007839136143768224,0.0007839136143768224,5m,28580782.126476005
2024-10-26 01:15:00,BAmHS42JqR51sZ6oqPhj4pcqi6dFFYDka77P4Q22pump,0.0006935515460647463,0.0009207648401120577,0.0006639254777546494,0.0008982439088744703,5m,30190544.310802005
2024-10-26 01:20:00,BAmHS42JqR51sZ6oqPhj4pcqi6dFFYDka77P4Q22pump,0.0006867118726761841,0.0008204261530949177,0.0006428048037030432,0.0006935515460647463,5m,32070199.08091901
2024-10-26 01:25:00,BAmHS42JqR51sZ6oqPhj4pcqi6dFFYDka77P4Q22pump,0.0009328971661189274,0.0009652113478395049,0.0006818643633225723,0.0006867118726761841,5m,50855135.53710202
2024-10-26 01:30:00,BAmHS42JqR51sZ6oqPhj4pcqi6dFFYDka77P4Q22pump,0.0012968988736284503,0.001493487767201667,0.0009309441574487069,0.0009328971661189274,5m,124637874.62485807
2024-10-26 01:35:00,BAmHS42JqR51sZ6oqPhj4pcqi6dFFYDka77P4Q22pump,0.0014718000026741516,0.0018157653594783197,0.0011304494310690793,0.0012968988736284503,5m,109560147.73694699
2024-10-26 01:40:00,BAmHS42JqR51sZ6oqPhj4pcqi6dFFYDka77P4Q22pump,0.002001483192365493,0.0029633067039569103,0.0014718000026741516,0.0014718000026741516,5m,131355655.18240681
2024-10-26 01:45:00,BAmHS42JqR51sZ6oqPhj4pcqi6dFFYDka77P4Q22pump,0.0018180258006434253,0.005496930830290099,0.001628834730743299,0.002001483192365493,5m,118269275.63620394
2024-10-26 01:50:00,BAmHS42JqR51sZ6oqPhj4pcqi6dFFYDka77P4Q22pump,0.002247117393340416,0.002827176147065665,0.0018164308371723427,0.0018180258006434253,5m,92499029.69170399
2024-10-26 01:55:00,BAmHS42JqR51sZ6oqPhj4pcqi6dFFYDka77P4Q22pump,0.0025888230668903896,0.0029253146189998254,0.002218289037226573,0.002247117393340416,5m,72485359.28295204
2024-10-26 02:00:00,BAmHS42JqR51sZ6oqPhj4pcqi6dFFYDka77P4Q22pump,0.0026354752984922435,0.002776232603792171,0.0021107247789510938,0.0025888230668903896,5m,73333531.00518304
2024-10-26 02:05:00,BAmHS42JqR51sZ6oqPhj4pcqi6dFFYDka77P4Q22pump,0.0026517284487239568,0.003116760216936907,0.0026202305193311513,0.0026354752984922435,5m,45609051.29255502
2024-10-26 02:10:00,BAmHS42JqR51sZ6oqPhj4pcqi6dFFYDka77P4Q22pump,0.002863700782896133,0.003192628002461301,0.0023252704589649697,0.0026517284487239568,5m,66574391.98425708
2024-10-26 02:15:00,BAmHS42JqR51sZ6oqPhj4pcqi6dFFYDka77P4Q22pump,0.00221138448426624,0.0029548289050184435,0.0018714219587198564,0.002863700782896133,5m,111751732.72650892
2024-10-26 02:20:00,BAmHS42JqR51sZ6oqPhj4pcqi6dFFYDka77P4Q22pump,0.0020172107983828748,0.0023827235725304464,0.0019689518906930133,0.00221138448426624,5m,34795353.24192999
2024-10-26 02:25:00,BAmHS42JqR51sZ6oqPhj4pcqi6dFFYDka77P4Q22pump,0.002646404656467798,0.0031500680508538535,0.0020143164602919035,0.0020172107983828748,5m,58429241.790081024
2024-10-26 02:30:00,BAmHS42JqR51sZ6oqPhj4pcqi6dFFYDka77P4Q22pump,0.002469741665659334,0.0029518004670302223,0.002189406304840302,0.002646404656467798,5m,51511902.912109025
2024-10-26 02:35:00,BAmHS42JqR51sZ6oqPhj4pcqi6dFFYDka77P4Q22pump,0.0021933134683432536,0.0025310284417796266,0.0018725223030980527,0.002469741665659334,5m,52862697.11896201
2024-10-26 02:40:00,BAmHS42JqR51sZ6oqPhj4pcqi6dFFYDka77P4Q22pump,0.002571888920768543,0.0025846594209168725,0.0020693028174866017,0.0021933134683432536,5m,21126599.794432983
2024-10-26 02:45:00,BAmHS42JqR51sZ6oqPhj4pcqi6dFFYDka77P4Q22pump,0.0022385342896335254,0.0027157382055575134,0.0021356298978548187,0.002571888920768543,5m,29714194.987638988
2024-10-26 02:50:00,BAmHS42JqR51sZ6oqPhj4pcqi6dFFYDka77P4Q22pump,0.0028247468906992946,0.002996705198244584,0.002041501269364848,0.0022385342896335254,5m,35696980.64587902
2024-10-26 02:55:00,BAmHS42JqR51sZ6oqPhj4pcqi6dFFYDka77P4Q22pump,0.004147136721595598,0.004555643496927356,0.0028213090578244155,0.0028247468906992946,5m,118482111.89713104
2024-10-26 03:00:00,BAmHS42JqR51sZ6oqPhj4pcqi6dFFYDka77P4Q22pump,0.004495605007585503,0.004713819165502517,0.003088995730705023,0.004147136721595598,5m,89861116.89314704
2024-10-26 03:05:00,BAmHS42JqR51sZ6oqPhj4pcqi6dFFYDka77P4Q22pump,0.003692872205321866,0.004527135432626015,0.0032817683370472603,0.004495605007585503,5m,68501151.64762792
2024-10-26 03:10:00,BAmHS42JqR51sZ6oqPhj4pcqi6dFFYDka77P4Q22pump,0.004359861970691952,0.004679923710661444,0.003576423304130825,0.003692872205321866,5m,55462213.60187794
2024-10-26 03:15:00,BAmHS42JqR51sZ6oqPhj4pcqi6dFFYDka77P4Q22pump,0.004341871455226707,0.004991993116860077,0.0035185020715120838,0.004359861970691952,5m,63895023.26728796
2024-10-26 03:20:00,BAmHS42JqR51sZ6oqPhj4pcqi6dFFYDka77P4Q22pump,0.004084991244927995,0.00460051878865963,0.0038164470494070945,0.004341871455226707,5m,36367295.80227795
2024-10-26 03:25:00,BAmHS42JqR51sZ6oqPhj4pcqi6dFFYDka77P4Q22pump,0.004778692924067651,0.006697199059635702,0.003994843693966444,0.004084991244927995,5m,66868951.36669693
2024-10-26 03:30:00,BAmHS42JqR51sZ6oqPhj4pcqi6dFFYDka77P4Q22pump,0.004734117644791503,0.005369088234384049,0.0036972835777986245,0.004778692924067651,5m,42093399.28127397
2024-10-26 03:35:00,BAmHS42JqR51sZ6oqPhj4pcqi6dFFYDka77P4Q22pump,0.0041749588787179685,0.004816913968680673,0.0041556348068487875,0.004734117644791503,5m,17044748.924681008
2024-10-26 03:40:00,BAmHS42JqR51sZ6oqPhj4pcqi6dFFYDka77P4Q22pump,0.004504334715748939,0.004773760478946359,0.0037692836597019623,0.0041749588787179685,5m,26317652.302941017
2024-10-26 03:45:00,BAmHS42JqR51sZ6oqPhj4pcqi6dFFYDka77P4Q22pump,0.0037698576971464974,0.004504334715748939,0.0032789294309159478,0.004504334715748939,5m,34823474.21621801
2024-10-26 03:50:00,BAmHS42JqR51sZ6oqPhj4pcqi6dFFYDka77P4Q22pump,0.004128810987738328,0.004310712883645215,0.0033490940156613016,0.0037698576971464974,5m,54253842.399324924
2024-10-26 03:55:00,BAmHS42JqR51sZ6oqPhj4pcqi6dFFYDka77P4Q22pump,0.004236391478214364,0.004698245570459568,0.0037995851685589835,0.004128810987738328,5m,24670227.039348
2024-10-26 04:00:00,BAmHS42JqR51sZ6oqPhj4pcqi6dFFYDka77P4Q22pump,0.003989197410262668,0.00470316231184276,0.003951680503577902,0.004236391478214364,5m,19264625.01547501
2024-10-26 04:05:00,BAmHS42JqR51sZ6oqPhj4pcqi6dFFYDka77P4Q22pump,0.003712132546724717,0.00421512604611471,0.0035223935427846813,0.003989197410262668,5m,18634367.563378002
2024-10-26 04:10:00,BAmHS42JqR51sZ6oqPhj4pcqi6dFFYDka77P4Q22pump,0.003335445537291751,0.004050682420150954,0.0032578372404526872,0.003712132546724717,5m,21719834.633240003
2024-10-26 04:15:00,BAmHS42JqR51sZ6oqPhj4pcqi6dFFYDka77P4Q22pump,0.003367037228205353,0.0036880559738130983,0.0027736396656576194,0.003335445537291751,5m,57844855.12431499
2024-10-26 04:20:00,BAmHS42JqR51sZ6oqPhj4pcqi6dFFYDka77P4Q22pump,0.0038205461734020915,0.005226744416991108,0.003240828224145027,0.003367037228205353,5m,49478931.73925599
2024-10-26 04:25:00,BAmHS42JqR51sZ6oqPhj4pcqi6dFFYDka77P4Q22pump,0.0035893004765516364,0.0040146302966692525,0.0029528827878372165,0.0038205461734020915,5m,38384973.88242399
2024-10-26 04:30:00,BAmHS42JqR51sZ6oqPhj4pcqi6dFFYDka77P4Q22pump,0.003075659678546053,0.0037072473620668447,0.002545365490264643,0.0035893004765516364,5m,41043563.24232699
2024-10-26 04:35:00,BAmHS42JqR51sZ6oqPhj4pcqi6dFFYDka77P4Q22pump,0.0032586426573716384,0.0034199707719718307,0.003036170537884921,0.003075659678546053,5m,20113056.320142012
2024-10-26 04:40:00,BAmHS42JqR51sZ6oqPhj4pcqi6dFFYDka77P4Q22pump,0.003289297928374091,0.003767227847482229,0.0029727521926141897,0.0032586426573716384,5m,27474122.100098994
2024-10-26 04:45:00,BAmHS42JqR51sZ6oqPhj4pcqi6dFFYDka77P4Q22pump,0.0034541171320361178,0.0034720523038830548,0.0031722662414411795,0.003289297928374091,5m,11147783.437532008
2024-10-26 04:50:00,BAmHS42JqR51sZ6oqPhj4pcqi6dFFYDka77P4Q22pump,0.00343230057286148,0.0037952442443707516,0.0032830180521467643,0.0034541171320361178,5m,16772461.666247008
2024-10-26 04:55:00,BAmHS42JqR51sZ6oqPhj4pcqi6dFFYDka77P4Q22pump,0.0030646902635736743,0.0037512585752115667,0.0029989480907213054,0.00343230057286148,5m,16289050.252780996
2024-10-26 05:00:00,BAmHS42JqR51sZ6oqPhj4pcqi6dFFYDka77P4Q22pump,0.004049682487598994,0.004373203320863903,0.0030423214437948327,0.0030646902635736743,5m,38327294.528518006
2024-10-26 05:05:00,BAmHS42JqR51sZ6oqPhj4pcqi6dFFYDka77P4Q22pump,0.004116712105810457,0.004449025417475819,0.0035823927959977896,0.004049682487598994,5m,23836554.985033
2024-10-26 05:10:00,BAmHS42JqR51sZ6oqPhj4pcqi6dFFYDka77P4Q22pump,0.004188078216884913,0.004436753519699019,0.003990114787233417,0.004116712105810457,5m,9840337.610380005
2024-10-26 05:15:00,BAmHS42JqR51sZ6oqPhj4pcqi6dFFYDka77P4Q22pump,0.004175590776683853,0.004337827493342842,0.0033543982430425134,0.004188078216884913,5m,16857227.889812
2024-10-26 05:20:00,BAmHS42JqR51sZ6oqPhj4pcqi6dFFYDka77P4Q22pump,0.004246726481139443,0.004676220247487693,0.0032722213250682827,0.004175590776683853,5m,27231688.143327992
2024-10-26 05:25:00,BAmHS42JqR51sZ6oqPhj4pcqi6dFFYDka77P4Q22pump,0.0037297645205965706,0.004268699312836689,0.0037297645205965706,0.004246726481139443,5m,6062312.318363001
2024-10-26 05:30:00,BAmHS42JqR51sZ6oqPhj4pcqi6dFFYDka77P4Q22pump,0.0035296884641300963,0.0039581371082315735,0.0035296884641300963,0.0037297645205965706,5m,5632654.0074229995
2024-10-26 05:35:00,BAmHS42JqR51sZ6oqPhj4pcqi6dFFYDka77P4Q22pump,0.0036043595819045286,0.0036263319082649155,0.0034147080774051793,0.0035296884641300963,5m,7751467.463132
2024-10-26 05:40:00,BAmHS42JqR51sZ6oqPhj4pcqi6dFFYDka77P4Q22pump,0.003386099002140508,0.0036584670316796,0.003146213562203107,0.0036043595819045286,5m,17981768.284553003
2024-10-26 05:45:00,BAmHS42JqR51sZ6oqPhj4pcqi6dFFYDka77P4Q22pump,0.0032772334154349083,0.0034450844305786168,0.003049991476097798,0.003386099002140508,5m,10203219.715754997
2024-10-26 05:50:00,BAmHS42JqR51sZ6oqPhj4pcqi6dFFYDka77P4Q22pump,0.0033858313898991435,0.0034108510656991322,0.003084426892512177,0.0032772334154349083,5m,8286986.553838999
2024-10-26 05:55:00,BAmHS42JqR51sZ6oqPhj4pcqi6dFFYDka77P4Q22pump,0.003375078340616458,0.003517212504634065,0.003228962845350864,0.0033858313898991435,5m,8098758.187359999
2024-10-26 06:00:00,BAmHS42JqR51sZ6oqPhj4pcqi6dFFYDka77P4Q22pump,0.003505420298941455,0.0037316331806390686,0.0033692320002717486,0.003375078340616458,5m,7983891.8466690015
2024-10-26 06:05:00,BAmHS42JqR51sZ6oqPhj4pcqi6dFFYDka77P4Q22pump,0.002929273307565325,0.005322163816756237,0.0028268430617666824,0.003505420298941455,5m,30470529.75860099
2024-10-26 06:10:00,BAmHS42JqR51sZ6oqPhj4pcqi6dFFYDka77P4Q22pump,0.0030461453556747246,0.0031003680445388575,0.0028283165997969647,0.002929273307565325,5m,10192578.642224994
2024-10-26 06:15:00,BAmHS42JqR51sZ6oqPhj4pcqi6dFFYDka77P4Q22pump,0.0028142596060532453,0.003087988766920213,0.002557673654450991,0.0030461453556747246,5m,17077763.420335013
2024-10-26 06:20:00,BAmHS42JqR51sZ6oqPhj4pcqi6dFFYDka77P4Q22pump,0.0028862903012458305,0.00300992128260498,0.0026081848682216516,0.0028142596060532453,5m,18485446.125626005
2024-10-26 06:25:00,BAmHS42JqR51sZ6oqPhj4pcqi6dFFYDka77P4Q22pump,0.0024187409780563867,0.0028862903012458305,0.0023011558588936893,0.0028862903012458305,5m,40561840.443552
2024-10-26 06:30:00,BAmHS42JqR51sZ6oqPhj4pcqi6dFFYDka77P4Q22pump,0.002374183420140244,0.0025416928479635504,0.0019021149678596938,0.0024187409780563867,5m,63652011.044404075
2024-10-26 06:35:00,BAmHS42JqR51sZ6oqPhj4pcqi6dFFYDka77P4Q22pump,0.0024111060414114763,0.002660964500864183,0.002240448868556282,0.002374183420140244,5m,28348470.628221028
2024-10-26 06:40:00,BAmHS42JqR51sZ6oqPhj4pcqi6dFFYDka77P4Q22pump,0.0024202618210518037,0.0029593214618735173,0.0023673716037291947,0.0024111060414114763,5m,18437759.927414004
2024-10-26 06:45:00,BAmHS42JqR51sZ6oqPhj4pcqi6dFFYDka77P4Q22pump,0.002478919480374989,0.0025324606286193443,0.002266488244718885,0.0024202618210518037,5m,14469311.817280002
2024-10-26 06:50:00,BAmHS42JqR51sZ6oqPhj4pcqi6dFFYDka77P4Q22pump,0.0026795713367232317,0.00268268231658255,0.0024090767826849572,0.002478919480374989,5m,6642828.6295449985
2024-10-26 06:55:00,BAmHS42JqR51sZ6oqPhj4pcqi6dFFYDka77P4Q22pump,0.002695518180971712,0.0031034398940122014,0.002498903039527619,0.0026795713367232317,5m,24122260.19306801
2024-10-26 07:00:00,BAmHS42JqR51sZ6oqPhj4pcqi6dFFYDka77P4Q22pump,0.0023736111604245346,0.002724650967897914,0.002365771668193907,0.002695518180971712,5m,10503638.141645998
2024-10-26 07:05:00,BAmHS42JqR51sZ6oqPhj4pcqi6dFFYDka77P4Q22pump,0.0023270198857739764,0.0023807326949195273,0.0019016947107727516,0.0023736111604245346,5m,18561944.953395993
2024-10-26 07:10:00,BAmHS42JqR51sZ6oqPhj4pcqi6dFFYDka77P4Q22pump,0.002359204403877397,0.002373043249999113,0.0021888107828226763,0.0023270198857739764,5m,12250237.394623997
2024-10-26 07:15:00,BAmHS42JqR51sZ6oqPhj4pcqi6dFFYDka77P4Q22pump,0.0026562738762994486,0.002674055840695168,0.0023577305019152534,0.002359204403877397,5m,14718334.050038004
2024-10-26 07:20:00,BAmHS42JqR51sZ6oqPhj4pcqi6dFFYDka77P4Q22pump,0.002610429458926068,0.0028987362016444952,0.0025073512660818598,0.0026562738762994486,5m,11961601.076585999
2024-10-26 07:25:00,BAmHS42JqR51sZ6oqPhj4pcqi6dFFYDka77P4Q22pump,0.0025586335395276338,0.0027886844476142842,0.0025541758772300188,0.002610429458926068,5m,9342693.605009003
2024-10-26 07:30:00,BAmHS42JqR51sZ6oqPhj4pcqi6dFFYDka77P4Q22pump,0.0024149310830699107,0.0025634125711514405,0.0023744113476794077,0.0025586335395276338,5m,5436783.588370001
2024-10-26 07:35:00,BAmHS42JqR51sZ6oqPhj4pcqi6dFFYDka77P4Q22pump,0.0023073044586041105,0.0025173045650293993,0.0019123470498490593,0.0024149310830699107,5m,25120509.38150699
2024-10-26 07:40:00,BAmHS42JqR51sZ6oqPhj4pcqi6dFFYDka77P4Q22pump,0.0029911110763564727,0.0035125420198151313,0.0023073044586041105,0.0023073044586041105,5m,26797890.49380801
2024-10-26 07:45:00,BAmHS42JqR51sZ6oqPhj4pcqi6dFFYDka77P4Q22pump,0.002946008666453118,0.0030487771451093632,0.002787320370956969,0.0029911110763564727,5m,12525879.363083
2024-10-26 07:50:00,BAmHS42JqR51sZ6oqPhj4pcqi6dFFYDka77P4Q22pump,0.0026949059253705628,0.0030637958955619655,0.0025827825507283467,0.002946008666453118,5m,9556139.353907
2024-10-26 07:55:00,BAmHS42JqR51sZ6oqPhj4pcqi6dFFYDka77P4Q22pump,0.0023172847409230193,0.0026949059253705628,0.0023172847409230193,0.0026949059253705628,5m,8142476.4358410025
2024-10-26 08:00:00,BAmHS42JqR51sZ6oqPhj4pcqi6dFFYDka77P4Q22pump,0.0023850412472898783,0.0024230838719826427,0.0022391506418044014,0.0023172847409230193,5m,12467057.627746997
2024-10-26 08:05:00,BAmHS42JqR51sZ6oqPhj4pcqi6dFFYDka77P4Q22pump,0.0025860350186579155,0.0026873864252375504,0.0023500158600511718,0.0023850412472898783,5m,7978345.461165
2024-10-26 08:10:00,BAmHS42JqR51sZ6oqPhj4pcqi6dFFYDka77P4Q22pump,0.0028401461805879357,0.002859773009722678,0.0025486994938816983,0.0025860350186579155,5m,8421187.375761002
2024-10-26 08:15:00,BAmHS42JqR51sZ6oqPhj4pcqi6dFFYDka77P4Q22pump,0.0025706759272755564,0.00285416750032981,0.0025706759272755564,0.0028401461805879357,5m,4569447.592217
2024-10-26 08:20:00,BAmHS42JqR51sZ6oqPhj4pcqi6dFFYDka77P4Q22pump,0.0023750392195380637,0.0026629760899914965,0.0023053511474689105,0.0025706759272755564,5m,12481689.772641001
2024-10-26 08:25:00,BAmHS42JqR51sZ6oqPhj4pcqi6dFFYDka77P4Q22pump,0.0025743442432168066,0.0027050197193814345,0.0023425260472431154,0.0023750392195380637,5m,7965222.8359410055
2024-10-26 08:30:00,BAmHS42JqR51sZ6oqPhj4pcqi6dFFYDka77P4Q22pump,0.0025344221725565725,0.0029546918719338807,0.00252258823822016,0.0025743442432168066,5m,8982014.411747001
2024-10-26 08:35:00,BAmHS42JqR51sZ6oqPhj4pcqi6dFFYDka77P4Q22pump,0.0027386367715517062,0.0028044606904724795,0.0025188996849617377,0.0025344221725565725,5m,8436737.025293
2024-10-26 08:40:00,BAmHS42JqR51sZ6oqPhj4pcqi6dFFYDka77P4Q22pump,0.0027453482376669225,0.0027568018089872176,0.002414461840551458,0.0027386367715517062,5m,13029847.270763999
2024-10-26 08:45:00,BAmHS42JqR51sZ6oqPhj4pcqi6dFFYDka77P4Q22pump,0.0027326020078339256,0.0028092163663442833,0.002597015996880621,0.0027453482376669225,5m,6567346.221263001
2024-10-26 08:50:00,BAmHS42JqR51sZ6oqPhj4pcqi6dFFYDka77P4Q22pump,0.0028554297655291085,0.0028693131283729413,0.002648916162352965,0.0027326020078339256,5m,6308176.466792999
2024-10-26 08:55:00,BAmHS42JqR51sZ6oqPhj4pcqi6dFFYDka77P4Q22pump,0.003088879511574806,0.0036646459227622904,0.002760432117450991,0.0028554297655291085,5m,16396884.552356003
2024-10-26 09:00:00,BAmHS42JqR51sZ6oqPhj4pcqi6dFFYDka77P4Q22pump,0.003152332929842529,0.003177698408597376,0.002905509490632865,0.003088879511574806,5m,8322107.537401
2024-10-26 09:05:00,BAmHS42JqR51sZ6oqPhj4pcqi6dFFYDka77P4Q22pump,0.0036287563698469247,0.003647485068550135,0.003152332929842529,0.003152332929842529,5m,12986288.80457299
2024-10-26 09:10:00,BAmHS42JqR51sZ6oqPhj4pcqi6dFFYDka77P4Q22pump,0.003558528797954313,0.00389476413331517,0.0033632239786281957,0.0036287563698469247,5m,20243652.416064996
2024-10-26 09:15:00,BAmHS42JqR51sZ6oqPhj4pcqi6dFFYDka77P4Q22pump,0.0037893360546738556,0.003879024242189018,0.003300102648427018,0.003558528797954313,5m,15517539.595846003
2024-10-26 09:20:00,BAmHS42JqR51sZ6oqPhj4pcqi6dFFYDka77P4Q22pump,0.003225699952918293,0.0037893360546738556,0.003215927285207631,0.0037893360546738556,5m,5765386.5143249985
2024-10-26 09:25:00,BAmHS42JqR51sZ6oqPhj4pcqi6dFFYDka77P4Q22pump,0.0036386577755838615,0.0038456819299686976,0.0032091329918272813,0.003225699952918293,5m,10661653.829739997
2024-10-26 09:30:00,BAmHS42JqR51sZ6oqPhj4pcqi6dFFYDka77P4Q22pump,0.003603488749283561,0.0036418437525003416,0.003471975412791045,0.0036386577755838615,5m,2872432.782575
2024-10-26 09:35:00,BAmHS42JqR51sZ6oqPhj4pcqi6dFFYDka77P4Q22pump,0.0033278795500302468,0.0036817810460506957,0.0031369907893899532,0.003603488749283561,5m,14058117.973521996
2024-10-26 09:40:00,BAmHS42JqR51sZ6oqPhj4pcqi6dFFYDka77P4Q22pump,0.003266963421368814,0.003375748069657858,0.003131870074338461,0.0033278795500302468,5m,6561488.945602004
2024-10-26 09:45:00,BAmHS42JqR51sZ6oqPhj4pcqi6dFFYDka77P4Q22pump,0.0029635847653673238,0.003270541354996411,0.0029199866429360393,0.003266963421368814,5m,15418296.352441993
2024-10-26 09:50:00,BAmHS42JqR51sZ6oqPhj4pcqi6dFFYDka77P4Q22pump,0.0028894719049312296,0.0030562310047909922,0.0026944509890582725,0.0029635847653673238,5m,13160960.508682149
2024-10-26 09:55:00,BAmHS42JqR51sZ6oqPhj4pcqi6dFFYDka77P4Q22pump,0.0028520422452519966,0.0030056497059778183,0.0028520422452519966,0.0028894719049312296,5m,4919644.4202670315
2024-10-26 10:00:00,BAmHS42JqR51sZ6oqPhj4pcqi6dFFYDka77P4Q22pump,0.003091022973381544,0.003135391824458617,0.002771881123284719,0.0028520422452519966,5m,8892967.236829069
2024-10-26 10:05:00,BAmHS42JqR51sZ6oqPhj4pcqi6dFFYDka77P4Q22pump,0.0031228362597436,0.003133553227793512,0.002976529023051365,0.003091022973381544,5m,3532940.1933669923
2024-10-26 10:10:00,BAmHS42JqR51sZ6oqPhj4pcqi6dFFYDka77P4Q22pump,0.0031244940694878077,0.0032710148600322976,0.003089857927618124,0.0031228362597436,5m,4034475.8191289734
2024-10-26 10:15:00,BAmHS42JqR51sZ6oqPhj4pcqi6dFFYDka77P4Q22pump,0.0028244123649857106,0.0031603482761754795,0.00279600497859339,0.0031244940694878077,5m,6625013.03494397
2024-10-26 10:20:00,BAmHS42JqR51sZ6oqPhj4pcqi6dFFYDka77P4Q22pump,0.002874539605295103,0.002950280028623256,0.0027454831474028247,0.0028244123649857106,5m,5071718.2663720725
2024-10-26 10:25:00,BAmHS42JqR51sZ6oqPhj4pcqi6dFFYDka77P4Q22pump,0.002604127113017974,0.002874539605295103,0.002604127113017974,0.002874539605295103,5m,6079003.202042952
2024-10-26 10:30:00,BAmHS42JqR51sZ6oqPhj4pcqi6dFFYDka77P4Q22pump,0.0026883208660013406,0.00308595989419699,0.0025919528891796685,0.002604127113017974,5m,11678197.498505045
2024-10-26 10:35:00,BAmHS42JqR51sZ6oqPhj4pcqi6dFFYDka77P4Q22pump,0.002825904887265675,0.0029879800397703844,0.002550559160458782,0.0026883208660013406,5m,12708228.85487999
2024-10-26 10:40:00,BAmHS42JqR51sZ6oqPhj4pcqi6dFFYDka77P4Q22pump,0.0032249769043275556,0.0032249769043275556,0.002825904887265675,0.002825904887265675,5m,9626632.837437999
2024-10-26 10:45:00,BAmHS42JqR51sZ6oqPhj4pcqi6dFFYDka77P4Q22pump,0.0030303142124910093,0.0032768610874527627,0.0030232809467097806,0.0032249769043275556,5m,4419503.661901998
2024-10-26 10:50:00,BAmHS42JqR51sZ6oqPhj4pcqi6dFFYDka77P4Q22pump,0.003189598492966679,0.003199307203112044,0.003010092779579609,0.0030303142124910093,5m,2124235.4044579994
2024-10-26 10:55:00,BAmHS42JqR51sZ6oqPhj4pcqi6dFFYDka77P4Q22pump,0.002746457570276131,0.003324427848972781,0.0025065831183724353,0.003189598492966679,5m,18812002.786065996
2024-10-26 11:00:00,BAmHS42JqR51sZ6oqPhj4pcqi6dFFYDka77P4Q22pump,0.0028056211482103566,0.0030584247411488607,0.0026464332809927444,0.002746457570276131,5m,12025991.672349002
2024-10-26 11:05:00,BAmHS42JqR51sZ6oqPhj4pcqi6dFFYDka77P4Q22pump,0.0025373163363393136,0.00285612489727414,0.002531418070722817,0.0028056211482103566,5m,6184117.179745997
2024-10-26 11:10:00,BAmHS42JqR51sZ6oqPhj4pcqi6dFFYDka77P4Q22pump,0.002739518251056152,0.0028373291382317164,0.0025134910153539183,0.0025373163363393136,5m,10425765.465199998
2024-10-26 11:15:00,BAmHS42JqR51sZ6oqPhj4pcqi6dFFYDka77P4Q22pump,0.0030851950774260367,0.0031744839073776115,0.002695932497611865,0.002739518251056152,5m,6552754.629627999
2024-10-26 11:20:00,BAmHS42JqR51sZ6oqPhj4pcqi6dFFYDka77P4Q22pump,0.0033345462967930427,0.0033664355059497266,0.003032212827862582,0.0030851950774260367,5m,9333416.042197997
2024-10-26 11:25:00,BAmHS42JqR51sZ6oqPhj4pcqi6dFFYDka77P4Q22pump,0.003038502836578083,0.003352996067588704,0.0029543838174934576,0.0033345462967930427,5m,9095726.123015
