datetime,address,c,h,l,o,type,v
2024-11-05 05:30:00,GLmJTpxjXnyFJMhh4Xd1K3afmpHzuudKy5bioUWDR3rn,0.02706438133412036,0.027237678836162238,0.010747281413029504,0.010747281413029504,5m,192917409.94040743
2024-11-05 05:35:00,GLmJTpxjXnyFJMhh4Xd1K3afmpHzuudKy5bioUWDR3rn,0.03416933337901944,0.03897023002277208,0.0268779788517881,0.02706438133412036,5m,7940522.843190404
2024-11-05 05:40:00,GLmJTpxjXnyFJMhh4Xd1K3afmpHzuudKy5bioUWDR3rn,0.036793911165901465,0.03766118133755914,0.0336230588238586,0.03416933337901944,5m,3827943.531250559
2024-11-05 05:45:00,GLmJTpxjXnyFJMhh4Xd1K3afmpHzuudKy5bioUWDR3rn,0.03410070022234518,0.03726386403687983,0.033158232454620115,0.036793911165901465,5m,4780627.103188475
2024-11-05 05:50:00,GLmJTpxjXnyFJMhh4Xd1K3afmpHzuudKy5bioUWDR3rn,0.03574337818533531,0.03688891970049961,0.033443926692498495,0.03410070022234518,5m,4226339.652172675
2024-11-05 05:55:00,GLmJTpxjXnyFJMhh4Xd1K3afmpHzuudKy5bioUWDR3rn,0.040292696779786495,0.04050019045069347,0.034721330726680225,0.03574337818533531,5m,5677622.090182437
2024-11-05 06:00:00,GLmJTpxjXnyFJMhh4Xd1K3afmpHzuudKy5bioUWDR3rn,0.04148946155535284,0.04161411397637989,0.03972132272729939,0.040292696779786495,5m,4041210.965182478
2024-11-05 06:05:00,GLmJTpxjXnyFJMhh4Xd1K3afmpHzuudKy5bioUWDR3rn,0.04222723520250083,0.04244732943887367,0.03972875454945677,0.04148946155535284,5m,3968411.413364482
2024-11-05 06:10:00,GLmJTpxjXnyFJMhh4Xd1K3afmpHzuudKy5bioUWDR3rn,0.04106521353125289,0.0424782232219616,0.036452787753446514,0.04222723520250083,5m,5284628.300358226
2024-11-05 06:15:00,GLmJTpxjXnyFJMhh4Xd1K3afmpHzuudKy5bioUWDR3rn,0.0400123362123256,0.04300294919317431,0.03930429566232302,0.04106521353125289,5m,3880024.0833872696
2024-11-05 06:20:00,GLmJTpxjXnyFJMhh4Xd1K3afmpHzuudKy5bioUWDR3rn,0.0444043555125294,0.045993348347999036,0.038744972298497625,0.0400123362123256,5m,4128706.8568990994
2024-11-05 06:25:00,GLmJTpxjXnyFJMhh4Xd1K3afmpHzuudKy5bioUWDR3rn,0.03998087390028837,0.045048118797083356,0.038542539172864786,0.0444043555125294,5m,4691621.743135001
2024-11-05 06:30:00,GLmJTpxjXnyFJMhh4Xd1K3afmpHzuudKy5bioUWDR3rn,0.041089804899459216,0.042480999297075044,0.03979304632948052,0.03998087390028837,5m,3413302.7469016453
2024-11-05 06:35:00,GLmJTpxjXnyFJMhh4Xd1K3afmpHzuudKy5bioUWDR3rn,0.04164005399933094,0.04204959845217073,0.040435013667943,0.041089804899459216,5m,3485730.3323859293
2024-11-05 06:40:00,GLmJTpxjXnyFJMhh4Xd1K3afmpHzuudKy5bioUWDR3rn,0.039636534026966715,0.041693915637132005,0.03835070526330662,0.04164005399933094,5m,4762832.810332326
2024-11-05 06:45:00,GLmJTpxjXnyFJMhh4Xd1K3afmpHzuudKy5bioUWDR3rn,0.047173829168964364,0.04848735802959763,0.03847574557162066,0.039636534026966715,5m,6706606.2387102265
2024-11-05 06:50:00,GLmJTpxjXnyFJMhh4Xd1K3afmpHzuudKy5bioUWDR3rn,0.03275506748551898,0.04720542680573503,0.03275506748551898,0.047173829168964364,5m,7460402.886806744
2024-11-05 06:55:00,GLmJTpxjXnyFJMhh4Xd1K3afmpHzuudKy5bioUWDR3rn,0.04605075526713365,0.06642997584193246,0.031115081090345473,0.03275506748551898,5m,11958872.406115966
2024-11-05 07:00:00,GLmJTpxjXnyFJMhh4Xd1K3afmpHzuudKy5bioUWDR3rn,0.08374894067250403,0.09213662674069269,0.0437146293620473,0.04605075526713365,5m,8681717.901825644
2024-11-05 07:05:00,GLmJTpxjXnyFJMhh4Xd1K3afmpHzuudKy5bioUWDR3rn,0.09053239603228762,0.09200586763529986,0.07333623692261096,0.08374894067250403,5m,6486610.524473283
2024-11-05 07:10:00,GLmJTpxjXnyFJMhh4Xd1K3afmpHzuudKy5bioUWDR3rn,0.09856632648446649,0.09993833180115312,0.08760483732402471,0.09053239603228762,5m,5221827.892599872
2024-11-05 07:15:00,GLmJTpxjXnyFJMhh4Xd1K3afmpHzuudKy5bioUWDR3rn,0.10077268557817502,0.10175229348958631,0.0921273435477924,0.09856632648446649,5m,3226181.2264617584
2024-11-05 07:20:00,GLmJTpxjXnyFJMhh4Xd1K3afmpHzuudKy5bioUWDR3rn,0.09653360893354114,0.10325295351400993,0.09291124031032313,0.10077268557817502,5m,3528695.8227514513
2024-11-05 07:25:00,GLmJTpxjXnyFJMhh4Xd1K3afmpHzuudKy5bioUWDR3rn,0.08874211948168474,0.10260484775168234,0.08171563007505642,0.09653360893354114,5m,3508068.5188956424
2024-11-05 07:30:00,GLmJTpxjXnyFJMhh4Xd1K3afmpHzuudKy5bioUWDR3rn,0.10654919769144879,0.10747289075942375,0.08762816646659519,0.08874211948168474,5m,3201074.4996449696
2024-11-05 07:35:00,GLmJTpxjXnyFJMhh4Xd1K3afmpHzuudKy5bioUWDR3rn,0.09235694618989825,0.10739283376161579,0.0902846455920508,0.10654919769144879,5m,3966042.146071707
2024-11-05 07:40:00,GLmJTpxjXnyFJMhh4Xd1K3afmpHzuudKy5bioUWDR3rn,0.07098612381535248,0.09842691936047271,0.07040996579691598,0.09235694618989825,5m,4033170.3443697253
2024-11-05 07:45:00,GLmJTpxjXnyFJMhh4Xd1K3afmpHzuudKy5bioUWDR3rn,0.08422124309389223,0.08463627011292876,0.0686705983900791,0.07098612381535248,5m,3973020.717097106
2024-11-05 07:50:00,GLmJTpxjXnyFJMhh4Xd1K3afmpHzuudKy5bioUWDR3rn,0.08731372655766807,0.08860738001970316,0.0838692567596035,0.08422124309389223,5m,3433556.469808569
2024-11-05 07:55:00,GLmJTpxjXnyFJMhh4Xd1K3afmpHzuudKy5bioUWDR3rn,0.09268687669678205,0.09645014523772225,0.08663372789276624,0.08731372655766807,5m,3186447.256997098
2024-11-05 08:00:00,GLmJTpxjXnyFJMhh4Xd1K3afmpHzuudKy5bioUWDR3rn,0.08966423801518003,0.09998377900917707,0.08868996328582743,0.09268687669678205,5m,4035739.4013024974
2024-11-05 08:05:00,GLmJTpxjXnyFJMhh4Xd1K3afmpHzuudKy5bioUWDR3rn,0.10293300931647766,0.1050340856532797,0.08320840273128897,0.08966423801518003,5m,4867824.760202076
2024-11-05 08:10:00,GLmJTpxjXnyFJMhh4Xd1K3afmpHzuudKy5bioUWDR3rn,0.10868116075450325,0.11416751860804414,0.10117258856388829,0.10293300931647766,5m,3467881.0231276928
2024-11-05 08:15:00,GLmJTpxjXnyFJMhh4Xd1K3afmpHzuudKy5bioUWDR3rn,0.09692940887571296,0.10868116075450325,0.0913007997837385,0.10868116075450325,5m,3604749.443768032
2024-11-05 08:20:00,GLmJTpxjXnyFJMhh4Xd1K3afmpHzuudKy5bioUWDR3rn,0.08782469331495799,0.10029340632524603,0.08578657971918131,0.09692940887571296,5m,4248646.919985386
2024-11-05 08:25:00,GLmJTpxjXnyFJMhh4Xd1K3afmpHzuudKy5bioUWDR3rn,0.09803261146069116,0.09934043751302278,0.08152087585784581,0.08782469331495799,5m,4350175.823151622
2024-11-05 08:30:00,GLmJTpxjXnyFJMhh4Xd1K3afmpHzuudKy5bioUWDR3rn,0.09584214463902643,0.10169363098622189,0.09356263677957707,0.09803261146069116,5m,3586431.6324367756
2024-11-05 08:35:00,GLmJTpxjXnyFJMhh4Xd1K3afmpHzuudKy5bioUWDR3rn,0.09877007198911082,0.10385974530815985,0.0949494310734062,0.09584214463902643,5m,3338014.7057270426
2024-11-05 08:40:00,GLmJTpxjXnyFJMhh4Xd1K3afmpHzuudKy5bioUWDR3rn,0.08313830950154721,0.10424496161222811,0.0808642819130658,0.09877007198911082,5m,5105256.911822834
2024-11-05 08:45:00,GLmJTpxjXnyFJMhh4Xd1K3afmpHzuudKy5bioUWDR3rn,0.08813810903785252,0.08835184965908315,0.07587850116358777,0.08313830950154721,5m,5322683.414645588
2024-11-05 08:50:00,GLmJTpxjXnyFJMhh4Xd1K3afmpHzuudKy5bioUWDR3rn,0.0870357576062943,0.09319836672229219,0.0850484237104606,0.08813810903785252,5m,3608970.8817700716
2024-11-05 08:55:00,GLmJTpxjXnyFJMhh4Xd1K3afmpHzuudKy5bioUWDR3rn,0.08484731529668502,0.08855933303729005,0.0812876526322453,0.0870357576062943,5m,3709660.93326922
2024-11-05 09:00:00,GLmJTpxjXnyFJMhh4Xd1K3afmpHzuudKy5bioUWDR3rn,0.07644643319924942,0.0864406568500236,0.06777152243990324,0.08484731529668502,5m,4901883.759074096
2024-11-05 09:05:00,GLmJTpxjXnyFJMhh4Xd1K3afmpHzuudKy5bioUWDR3rn,0.07085328056209232,0.07760949993101243,0.07082628693469037,0.07644643319924942,5m,3935002.782924905
2024-11-05 09:10:00,GLmJTpxjXnyFJMhh4Xd1K3afmpHzuudKy5bioUWDR3rn,0.04736842177679098,0.07245620524907263,0.04735418412424759,0.07085328056209232,5m,6488315.079922484
2024-11-05 09:15:00,GLmJTpxjXnyFJMhh4Xd1K3afmpHzuudKy5bioUWDR3rn,0.04558927411927022,0.04872487984092707,0.042904061694437994,0.04736842177679098,5m,6898890.244931708
2024-11-05 09:20:00,GLmJTpxjXnyFJMhh4Xd1K3afmpHzuudKy5bioUWDR3rn,0.029086795734729193,0.04580403683621928,0.026184229028735267,0.04558927411927022,5m,9759381.414289692
2024-11-05 09:25:00,GLmJTpxjXnyFJMhh4Xd1K3afmpHzuudKy5bioUWDR3rn,0.025246019387130947,0.029319387339310183,0.024317997322261146,0.029086795734729193,5m,10142384.41227761
2024-11-05 09:30:00,GLmJTpxjXnyFJMhh4Xd1K3afmpHzuudKy5bioUWDR3rn,0.031444178495177943,0.03182883469715315,0.025225961718851036,0.025246019387130947,5m,8984677.36878052
2024-11-05 09:35:00,GLmJTpxjXnyFJMhh4Xd1K3afmpHzuudKy5bioUWDR3rn,0.03146408082210264,0.03404161713609708,0.030206540882710117,0.031444178495177943,5m,8776309.540650211
2024-11-05 09:40:00,GLmJTpxjXnyFJMhh4Xd1K3afmpHzuudKy5bioUWDR3rn,0.03240545848413226,0.0326493304726652,0.02840915783983595,0.03146408082210264,5m,9301022.192306668
2024-11-05 09:45:00,GLmJTpxjXnyFJMhh4Xd1K3afmpHzuudKy5bioUWDR3rn,0.03091320338851766,0.036970684342888055,0.030174149755187715,0.03240545848413226,5m,8178503.576870638
2024-11-05 09:50:00,GLmJTpxjXnyFJMhh4Xd1K3afmpHzuudKy5bioUWDR3rn,0.02861330214608221,0.0320350410276094,0.024629257384652534,0.03091320338851766,5m,9765867.415258469
2024-11-05 09:55:00,GLmJTpxjXnyFJMhh4Xd1K3afmpHzuudKy5bioUWDR3rn,0.027004867817559154,0.029840037817857885,0.023629242910179468,0.02861330214608221,5m,11212384.64643617
2024-11-05 10:00:00,GLmJTpxjXnyFJMhh4Xd1K3afmpHzuudKy5bioUWDR3rn,0.0283670394970958,0.02905409777211098,0.026151078087598593,0.027004867817559154,5m,9418553.823124817
2024-11-05 10:05:00,GLmJTpxjXnyFJMhh4Xd1K3afmpHzuudKy5bioUWDR3rn,0.02418203155485359,0.029023933137987245,0.02324543090428044,0.0283670394970958,5m,8740033.973737746
2024-11-05 10:10:00,GLmJTpxjXnyFJMhh4Xd1K3afmpHzuudKy5bioUWDR3rn,0.027379635729372843,0.028185834070762354,0.0240522313143918,0.02418203155485359,5m,8042564.071979958
2024-11-05 10:15:00,GLmJTpxjXnyFJMhh4Xd1K3afmpHzuudKy5bioUWDR3rn,0.0317913105378295,0.03198661337401206,0.027338322924671015,0.027379635729372843,5m,6770099.41058957
2024-11-05 10:20:00,GLmJTpxjXnyFJMhh4Xd1K3afmpHzuudKy5bioUWDR3rn,0.03382529087266071,0.034317624980434995,0.03163823269742331,0.0317913105378295,5m,6307720.185515271
2024-11-05 10:25:00,GLmJTpxjXnyFJMhh4Xd1K3afmpHzuudKy5bioUWDR3rn,0.03435720043550486,0.03487550967204918,0.031827117424247924,0.03382529087266071,5m,7453113.062302138
2024-11-05 10:30:00,GLmJTpxjXnyFJMhh4Xd1K3afmpHzuudKy5bioUWDR3rn,0.02342426509274623,0.03447765144123774,0.020313724233737483,0.03435720043550486,5m,9628830.639186323
2024-11-05 10:35:00,GLmJTpxjXnyFJMhh4Xd1K3afmpHzuudKy5bioUWDR3rn,0.02838406312850185,0.02838406312850185,0.022833237416481883,0.02342426509274623,5m,7791301.570339561
2024-11-05 10:40:00,GLmJTpxjXnyFJMhh4Xd1K3afmpHzuudKy5bioUWDR3rn,0.024553237586391285,0.02927715082567729,0.02361866236413646,0.02838406312850185,5m,8367838.372820932
2024-11-05 10:45:00,GLmJTpxjXnyFJMhh4Xd1K3afmpHzuudKy5bioUWDR3rn,0.02381348009368853,0.028322564640753174,0.02381348009368853,0.024553237586391285,5m,10000732.7280892
2024-11-05 10:50:00,GLmJTpxjXnyFJMhh4Xd1K3afmpHzuudKy5bioUWDR3rn,0.025480778605256063,0.025480778605256063,0.022381102497028633,0.02381348009368853,5m,8647144.107125282
2024-11-05 10:55:00,GLmJTpxjXnyFJMhh4Xd1K3afmpHzuudKy5bioUWDR3rn,0.02441071841823629,0.026999956572511877,0.023939660605569093,0.025480778605256063,5m,8143869.24861458
2024-11-05 11:00:00,GLmJTpxjXnyFJMhh4Xd1K3afmpHzuudKy5bioUWDR3rn,0.025329424791757177,0.026339177293190803,0.023389355667134903,0.02441071841823629,5m,8735646.738648415
2024-11-05 11:05:00,GLmJTpxjXnyFJMhh4Xd1K3afmpHzuudKy5bioUWDR3rn,0.022657944697856244,0.025329424791757177,0.020662941545665475,0.025329424791757177,5m,8575936.355443569
2024-11-05 11:10:00,GLmJTpxjXnyFJMhh4Xd1K3afmpHzuudKy5bioUWDR3rn,0.022177916104055406,0.02562058323344788,0.022177916104055406,0.022657944697856244,5m,8371135.744178842
2024-11-05 11:15:00,GLmJTpxjXnyFJMhh4Xd1K3afmpHzuudKy5bioUWDR3rn,0.019844494485422456,0.023991983029232708,0.019844494485422456,0.022177916104055406,5m,11853686.032184128
2024-11-05 11:20:00,GLmJTpxjXnyFJMhh4Xd1K3afmpHzuudKy5bioUWDR3rn,0.01955405491530151,0.019849527411718366,0.01833710280473705,0.019844494485422456,5m,7758543.0704904925
2024-11-05 11:25:00,GLmJTpxjXnyFJMhh4Xd1K3afmpHzuudKy5bioUWDR3rn,0.020349676264079155,0.02151768393549954,0.019111661117549736,0.01955405491530151,5m,9708331.816217346
2024-11-05 11:30:00,GLmJTpxjXnyFJMhh4Xd1K3afmpHzuudKy5bioUWDR3rn,0.02239493325991411,0.023024375077128414,0.019998728857237195,0.020349676264079155,5m,7819830.754014771
2024-11-05 11:35:00,GLmJTpxjXnyFJMhh4Xd1K3afmpHzuudKy5bioUWDR3rn,0.020568037410250175,0.023809322191766322,0.020159095422647908,0.02239493325991411,5m,9021492.832789103
2024-11-05 11:40:00,GLmJTpxjXnyFJMhh4Xd1K3afmpHzuudKy5bioUWDR3rn,0.02272025996464011,0.02292777890458809,0.020519383848829845,0.020568037410250175,5m,7319143.229462583
2024-11-05 11:45:00,GLmJTpxjXnyFJMhh4Xd1K3afmpHzuudKy5bioUWDR3rn,0.020523470411453082,0.023016518998087956,0.019347052074681886,0.02272025996464011,5m,9728646.283993986
2024-11-05 11:50:00,GLmJTpxjXnyFJMhh4Xd1K3afmpHzuudKy5bioUWDR3rn,0.019611134425398136,0.021091711850058283,0.018888271887166228,0.020523470411453082,5m,8717939.589508539
2024-11-05 11:55:00,GLmJTpxjXnyFJMhh4Xd1K3afmpHzuudKy5bioUWDR3rn,0.01926933330991604,0.02055604772497224,0.017907852696358875,0.019611134425398136,5m,11199385.651196612
2024-11-05 12:00:00,GLmJTpxjXnyFJMhh4Xd1K3afmpHzuudKy5bioUWDR3rn,0.01977990887590154,0.020342134201939973,0.01876013069573734,0.01926933330991604,5m,8895588.621877214
2024-11-05 12:05:00,GLmJTpxjXnyFJMhh4Xd1K3afmpHzuudKy5bioUWDR3rn,0.018552406982357873,0.020395984100973135,0.01844364315774182,0.01977990887590154,5m,9025508.906914815
2024-11-05 12:10:00,GLmJTpxjXnyFJMhh4Xd1K3afmpHzuudKy5bioUWDR3rn,0.018863383009083804,0.019500735314332458,0.01637272033144108,0.018552406982357873,5m,12120482.74531525
2024-11-05 12:15:00,GLmJTpxjXnyFJMhh4Xd1K3afmpHzuudKy5bioUWDR3rn,0.018287222615063783,0.020257272103461375,0.017368136213406736,0.018863383009083804,5m,10372840.481300611
2024-11-05 12:20:00,GLmJTpxjXnyFJMhh4Xd1K3afmpHzuudKy5bioUWDR3rn,0.015193380056605185,0.019219330631035324,0.014356830852881317,0.018287222615063783,5m,11049995.990989633
2024-11-05 12:25:00,GLmJTpxjXnyFJMhh4Xd1K3afmpHzuudKy5bioUWDR3rn,0.015668010751655304,0.016822008442458087,0.015193380056605185,0.015193380056605185,5m,9546319.364999259
2024-11-05 12:30:00,GLmJTpxjXnyFJMhh4Xd1K3afmpHzuudKy5bioUWDR3rn,0.01564243008033932,0.016478710648975235,0.014871378706201645,0.015668010751655304,5m,11634254.369124034
2024-11-05 12:35:00,GLmJTpxjXnyFJMhh4Xd1K3afmpHzuudKy5bioUWDR3rn,0.01624044959427528,0.01712544837966445,0.015367750081110266,0.01564243008033932,5m,9682397.911522891
2024-11-05 12:40:00,GLmJTpxjXnyFJMhh4Xd1K3afmpHzuudKy5bioUWDR3rn,0.012761771645651098,0.01624044959427528,0.01255980911461394,0.01624044959427528,5m,11298236.96478405
2024-11-05 12:45:00,GLmJTpxjXnyFJMhh4Xd1K3afmpHzuudKy5bioUWDR3rn,0.014373382700067308,0.01524816394990695,0.012589255551012665,0.012761771645651098,5m,11584438.64919462
2024-11-05 12:50:00,GLmJTpxjXnyFJMhh4Xd1K3afmpHzuudKy5bioUWDR3rn,0.014168063660975908,0.015016075138589734,0.013215638665367338,0.014373382700067308,5m,10936357.748108232
2024-11-05 12:55:00,GLmJTpxjXnyFJMhh4Xd1K3afmpHzuudKy5bioUWDR3rn,0.012649748031617628,0.014684581755607473,0.011506868230426556,0.014168063660975908,5m,12829416.78897423
2024-11-05 13:00:00,GLmJTpxjXnyFJMhh4Xd1K3afmpHzuudKy5bioUWDR3rn,0.013707082604659828,0.014554577726420664,0.012640535276148768,0.012649748031617628,5m,12712161.219616428
2024-11-05 13:05:00,GLmJTpxjXnyFJMhh4Xd1K3afmpHzuudKy5bioUWDR3rn,0.014629046308734388,0.014629046308734388,0.013492387988161087,0.013707082604659828,5m,9819834.601221511
2024-11-05 13:10:00,GLmJTpxjXnyFJMhh4Xd1K3afmpHzuudKy5bioUWDR3rn,0.013271835282177121,0.014629046308734388,0.013073778065743589,0.014629046308734388,5m,13057354.290616969
2024-11-05 13:15:00,GLmJTpxjXnyFJMhh4Xd1K3afmpHzuudKy5bioUWDR3rn,0.01471740163993961,0.014737039907469286,0.013228927707089813,0.013271835282177121,5m,10523924.047813604
2024-11-05 13:20:00,GLmJTpxjXnyFJMhh4Xd1K3afmpHzuudKy5bioUWDR3rn,0.015507885219186461,0.0160855195388748,0.014456927024587047,0.01471740163993961,5m,9381373.560421584
2024-11-05 13:25:00,GLmJTpxjXnyFJMhh4Xd1K3afmpHzuudKy5bioUWDR3rn,0.014707721956552807,0.01591605399993907,0.0139025660710901,0.015507885219186461,5m,11474875.210347556
2024-11-05 13:30:00,GLmJTpxjXnyFJMhh4Xd1K3afmpHzuudKy5bioUWDR3rn,0.015391855724984693,0.015765551061455472,0.01461945922072438,0.014707721956552807,5m,8620953.612116981
2024-11-05 13:35:00,GLmJTpxjXnyFJMhh4Xd1K3afmpHzuudKy5bioUWDR3rn,0.015163471547672164,0.015926566790971416,0.014147632365470555,0.015391855724984693,5m,11429436.584173588
2024-11-05 13:40:00,GLmJTpxjXnyFJMhh4Xd1K3afmpHzuudKy5bioUWDR3rn,0.014028582316826342,0.01539310602548293,0.013575998212619705,0.015163471547672164,5m,9998719.987745468
2024-11-05 13:45:00,GLmJTpxjXnyFJMhh4Xd1K3afmpHzuudKy5bioUWDR3rn,0.013939990565921921,0.014294169585553794,0.01327579429549678,0.014028582316826342,5m,9845370.11938228
2024-11-05 13:50:00,GLmJTpxjXnyFJMhh4Xd1K3afmpHzuudKy5bioUWDR3rn,0.014759754927583317,0.014979653799058778,0.01331263790492999,0.013939990565921921,5m,9734645.012869615
2024-11-05 13:55:00,GLmJTpxjXnyFJMhh4Xd1K3afmpHzuudKy5bioUWDR3rn,0.011753136252964787,0.015440978194007622,0.01131202478363323,0.014759754927583317,5m,13592952.379965987
2024-11-05 14:00:00,GLmJTpxjXnyFJMhh4Xd1K3afmpHzuudKy5bioUWDR3rn,0.012455281118574886,0.012528921948145748,0.011064554125705166,0.011753136252964787,5m,12258796.671119625
2024-11-05 14:05:00,GLmJTpxjXnyFJMhh4Xd1K3afmpHzuudKy5bioUWDR3rn,0.011104710764290296,0.013947184374544485,0.010821480026103485,0.012455281118574886,5m,15767975.725352708
2024-11-05 14:10:00,GLmJTpxjXnyFJMhh4Xd1K3afmpHzuudKy5bioUWDR3rn,0.010765662464035876,0.011599830938965418,0.009938336725717142,0.011104710764290296,5m,15199444.249445457
2024-11-05 14:15:00,GLmJTpxjXnyFJMhh4Xd1K3afmpHzuudKy5bioUWDR3rn,0.011145068413072168,0.011715703793365341,0.010570681569784917,0.010765662464035876,5m,11689668.689736057
2024-11-05 14:20:00,GLmJTpxjXnyFJMhh4Xd1K3afmpHzuudKy5bioUWDR3rn,0.011274282985520882,0.011557284712377804,0.01105077331724683,0.011145068413072168,5m,9474235.610873453
2024-11-05 14:25:00,GLmJTpxjXnyFJMhh4Xd1K3afmpHzuudKy5bioUWDR3rn,0.011080962210261986,0.01178322337128863,0.010798974027889506,0.011274282985520882,5m,12406132.963395154
2024-11-05 14:30:00,GLmJTpxjXnyFJMhh4Xd1K3afmpHzuudKy5bioUWDR3rn,0.00927355654312034,0.011265243897090394,0.008633302885652436,0.011080962210261986,5m,18264070.28302709
2024-11-05 14:35:00,GLmJTpxjXnyFJMhh4Xd1K3afmpHzuudKy5bioUWDR3rn,0.009891853367277083,0.010109596472491277,0.009146414939179965,0.00927355654312034,5m,12930567.197543457
2024-11-05 14:40:00,GLmJTpxjXnyFJMhh4Xd1K3afmpHzuudKy5bioUWDR3rn,0.008781308571874464,0.010653558229488228,0.008341841846939797,0.009891853367277083,5m,15275695.453468362
2024-11-05 14:45:00,GLmJTpxjXnyFJMhh4Xd1K3afmpHzuudKy5bioUWDR3rn,0.00970529452124443,0.00975746107375343,0.00873154642163408,0.008781308571874464,5m,13213913.05631769
2024-11-05 14:50:00,GLmJTpxjXnyFJMhh4Xd1K3afmpHzuudKy5bioUWDR3rn,0.00926755363369516,0.01050176228151598,0.008769619787313323,0.00970529452124443,5m,16504868.074337741
2024-11-05 14:55:00,GLmJTpxjXnyFJMhh4Xd1K3afmpHzuudKy5bioUWDR3rn,0.00908857859373932,0.00926755363369516,0.008195910096796705,0.00926755363369516,5m,14772333.772649981
2024-11-05 15:00:00,GLmJTpxjXnyFJMhh4Xd1K3afmpHzuudKy5bioUWDR3rn,0.008253864339431219,0.009093807596235189,0.007613540589875653,0.00908857859373932,5m,7145090.793684153
2024-11-05 15:05:00,GLmJTpxjXnyFJMhh4Xd1K3afmpHzuudKy5bioUWDR3rn,0.009227015607990025,0.009227015607990025,0.007484077886829015,0.008253864339431219,5m,12462647.685670706
2024-11-05 15:10:00,GLmJTpxjXnyFJMhh4Xd1K3afmpHzuudKy5bioUWDR3rn,0.008297466905078954,0.009310949314743914,0.007768936995204662,0.009227015607990025,5m,16001082.43715035
2024-11-05 15:15:00,GLmJTpxjXnyFJMhh4Xd1K3afmpHzuudKy5bioUWDR3rn,0.008133781118311815,0.008635985489212442,0.007430471753628195,0.008297466905078954,5m,14242805.14843292
2024-11-05 15:20:00,GLmJTpxjXnyFJMhh4Xd1K3afmpHzuudKy5bioUWDR3rn,0.009028023506734885,0.00909556457918315,0.008133781118311815,0.008133781118311815,5m,13861189.205872271
2024-11-05 15:25:00,GLmJTpxjXnyFJMhh4Xd1K3afmpHzuudKy5bioUWDR3rn,0.007852930505798581,0.00921225130245374,0.007499490851239724,0.009028023506734885,5m,14390521.88910468
2024-11-05 15:30:00,GLmJTpxjXnyFJMhh4Xd1K3afmpHzuudKy5bioUWDR3rn,0.007704124514103477,0.007972458059601768,0.007454438107983446,0.007852930505798581,5m,13359859.861810246
2024-11-05 15:35:00,GLmJTpxjXnyFJMhh4Xd1K3afmpHzuudKy5bioUWDR3rn,0.008358437987677358,0.008986292424415135,0.007580342940958017,0.007704124514103477,5m,16503778.961952316
2024-11-05 15:40:00,GLmJTpxjXnyFJMhh4Xd1K3afmpHzuudKy5bioUWDR3rn,0.006756039937311088,0.009954252708181744,0.006622508212420252,0.008358437987677358,5m,26233505.039997093
2024-11-05 15:45:00,GLmJTpxjXnyFJMhh4Xd1K3afmpHzuudKy5bioUWDR3rn,0.006481385300878806,0.007282323454116217,0.005704442291535934,0.006756039937311088,5m,25616014.966573846
2024-11-05 15:50:00,GLmJTpxjXnyFJMhh4Xd1K3afmpHzuudKy5bioUWDR3rn,0.006165145804757289,0.0075986889147211046,0.005543316126872663,0.006481385300878806,5m,30368490.869383365
2024-11-05 15:55:00,GLmJTpxjXnyFJMhh4Xd1K3afmpHzuudKy5bioUWDR3rn,0.0041922573187136505,0.00656300460909741,0.0041241078575409975,0.006165145804757289,5m,35664186.662819825
2024-11-05 16:00:00,GLmJTpxjXnyFJMhh4Xd1K3afmpHzuudKy5bioUWDR3rn,0.0037318990149578833,0.004616046092845597,0.003458894203243799,0.0041922573187136505,5m,34360260.98976318
2024-11-05 16:05:00,GLmJTpxjXnyFJMhh4Xd1K3afmpHzuudKy5bioUWDR3rn,0.002531409527247044,0.004506724580242065,0.0022595495685921083,0.0037318990149578833,5m,72891861.79424673
2024-11-05 16:10:00,GLmJTpxjXnyFJMhh4Xd1K3afmpHzuudKy5bioUWDR3rn,0.0027098907252370978,0.0037446098204107037,0.0021296284105355393,0.002531409527247044,5m,95517487.77576515
2024-11-05 16:15:00,GLmJTpxjXnyFJMhh4Xd1K3afmpHzuudKy5bioUWDR3rn,0.002091280592166261,0.003514640730871867,0.0012129394004155157,0.0027098907252370978,5m,211181366.9503955
2024-11-05 16:20:00,GLmJTpxjXnyFJMhh4Xd1K3afmpHzuudKy5bioUWDR3rn,0.003793880253798333,0.0040929703361726475,0.001555646793920297,0.002091280592166261,5m,129770268.92758994
2024-11-05 16:25:00,GLmJTpxjXnyFJMhh4Xd1K3afmpHzuudKy5bioUWDR3rn,0.002205652608788752,0.004728204666337262,0.002031851119599708,0.003793880253798333,5m,69251329.73377758
2024-11-05 16:30:00,GLmJTpxjXnyFJMhh4Xd1K3afmpHzuudKy5bioUWDR3rn,0.0022518165807843553,0.002663931496845185,0.002008945411674015,0.002205652608788752,5m,60292430.49895797
2024-11-05 16:35:00,GLmJTpxjXnyFJMhh4Xd1K3afmpHzuudKy5bioUWDR3rn,0.0021777819248389577,0.004072407545171152,0.002046027057554289,0.0022518165807843553,5m,90809736.30604671
2024-11-05 16:40:00,GLmJTpxjXnyFJMhh4Xd1K3afmpHzuudKy5bioUWDR3rn,0.0020914822030201554,0.0027706092620816917,0.0018062777446654998,0.0021777819248389577,5m,102318819.60713005
2024-11-05 16:45:00,GLmJTpxjXnyFJMhh4Xd1K3afmpHzuudKy5bioUWDR3rn,0.002454021773991609,0.003863296375778187,0.0015115950908403688,0.0020914822030201554,5m,119120072.37611066
2024-11-05 16:50:00,GLmJTpxjXnyFJMhh4Xd1K3afmpHzuudKy5bioUWDR3rn,0.0020668823371552563,0.002762781118785883,0.0013292724614716147,0.002454021773991609,5m,113683096.53069155
2024-11-05 16:55:00,GLmJTpxjXnyFJMhh4Xd1K3afmpHzuudKy5bioUWDR3rn,0.002594435893177603,0.003927054881972816,0.0018462285771843386,0.0020668823371552563,5m,80586752.34816411
2024-11-05 17:00:00,GLmJTpxjXnyFJMhh4Xd1K3afmpHzuudKy5bioUWDR3rn,0.0018040540563185117,0.0027880054271501166,0.0015727882573408497,0.002594435893177603,5m,69724181.9851851
2024-11-05 17:05:00,GLmJTpxjXnyFJMhh4Xd1K3afmpHzuudKy5bioUWDR3rn,0.0019092317019141867,0.0025925340174517593,0.0016534017367798037,0.0018040540563185117,5m,93049853.65222868
2024-11-05 17:10:00,GLmJTpxjXnyFJMhh4Xd1K3afmpHzuudKy5bioUWDR3rn,0.0023685564959267124,0.003119129779470398,0.0018004814808788754,0.0019092317019141867,5m,88132409.3391359
2024-11-05 17:15:00,GLmJTpxjXnyFJMhh4Xd1K3afmpHzuudKy5bioUWDR3rn,0.0025976612312569665,0.003447183022474213,0.002094894332199958,0.0023685564959267124,5m,74545129.57389402
2024-11-05 17:20:00,GLmJTpxjXnyFJMhh4Xd1K3afmpHzuudKy5bioUWDR3rn,0.002291151098231992,0.0035378292848594313,0.002216370693831176,0.0025976612312569665,5m,96287572.96820375
2024-11-05 17:25:00,GLmJTpxjXnyFJMhh4Xd1K3afmpHzuudKy5bioUWDR3rn,0.003324693803911238,0.003433716553504785,0.002123437074724187,0.002291151098231992,5m,91415150.42151058
2024-11-05 17:30:00,GLmJTpxjXnyFJMhh4Xd1K3afmpHzuudKy5bioUWDR3rn,0.004140301619889202,0.004471501863453041,0.0032253365072890776,0.003324693803911238,5m,57167293.22982988
2024-11-05 17:35:00,GLmJTpxjXnyFJMhh4Xd1K3afmpHzuudKy5bioUWDR3rn,0.004069945037314381,0.004601795400556449,0.0032434357298914834,0.004140301619889202,5m,61444691.61872027
2024-11-05 17:40:00,GLmJTpxjXnyFJMhh4Xd1K3afmpHzuudKy5bioUWDR3rn,0.004889238039596572,0.005885112912256514,0.004061429820200896,0.004069945037314381,5m,52975691.76813835
2024-11-05 17:45:00,GLmJTpxjXnyFJMhh4Xd1K3afmpHzuudKy5bioUWDR3rn,0.004553468347360828,0.005365178850457647,0.004464133222847847,0.004889238039596572,5m,43637508.69405789
2024-11-05 17:50:00,GLmJTpxjXnyFJMhh4Xd1K3afmpHzuudKy5bioUWDR3rn,0.004785915226548619,0.00514058727447675,0.004356041234441176,0.004553468347360828,5m,53321353.82171192
2024-11-05 17:55:00,GLmJTpxjXnyFJMhh4Xd1K3afmpHzuudKy5bioUWDR3rn,0.004740364531951046,0.005318076558423157,0.004511963979136973,0.004785915226548619,5m,43810634.876770765
2024-11-05 18:00:00,GLmJTpxjXnyFJMhh4Xd1K3afmpHzuudKy5bioUWDR3rn,0.0060646821837902825,0.006086754437548865,0.004466720522805997,0.004740364531951046,5m,41059418.366024725
2024-11-05 18:05:00,GLmJTpxjXnyFJMhh4Xd1K3afmpHzuudKy5bioUWDR3rn,0.007492245760731482,0.008573853297972415,0.004581862352564809,0.0060646821837902825,5m,44471612.284975685
2024-11-05 18:10:00,GLmJTpxjXnyFJMhh4Xd1K3afmpHzuudKy5bioUWDR3rn,0.008560178300915594,0.009023061955414727,0.0072007371433908405,0.007492245760731482,5m,26351555.669060335
2024-11-05 18:15:00,GLmJTpxjXnyFJMhh4Xd1K3afmpHzuudKy5bioUWDR3rn,0.008849170471236751,0.009995616409646083,0.00800432899774981,0.008560178300915594,5m,30588770.7465527
2024-11-05 18:20:00,GLmJTpxjXnyFJMhh4Xd1K3afmpHzuudKy5bioUWDR3rn,0.009223546445358142,0.009754097309512781,0.008323017708764823,0.008849170471236751,5m,26334075.674324356
2024-11-05 18:25:00,GLmJTpxjXnyFJMhh4Xd1K3afmpHzuudKy5bioUWDR3rn,0.009628864982141433,0.010147153742594216,0.008973177015887401,0.009223546445358142,5m,23655141.14445976
2024-11-05 18:30:00,GLmJTpxjXnyFJMhh4Xd1K3afmpHzuudKy5bioUWDR3rn,0.008182520436290712,0.010926582846169493,0.00800744120711393,0.009628864982141433,5m,29262125.13878311
2024-11-05 18:35:00,GLmJTpxjXnyFJMhh4Xd1K3afmpHzuudKy5bioUWDR3rn,0.007889507149651299,0.008438157347484104,0.007192669826973208,0.008182520436290712,5m,28732633.2706708
2024-11-05 18:40:00,GLmJTpxjXnyFJMhh4Xd1K3afmpHzuudKy5bioUWDR3rn,0.008898327400082765,0.009663109837532408,0.00763912638637209,0.007889507149651299,5m,26003690.261839096
2024-11-05 18:45:00,GLmJTpxjXnyFJMhh4Xd1K3afmpHzuudKy5bioUWDR3rn,0.0070063710974824,0.009274059355715389,0.0070063710974824,0.008898327400082765,5m,25876812.916902777
2024-11-05 18:50:00,GLmJTpxjXnyFJMhh4Xd1K3afmpHzuudKy5bioUWDR3rn,0.007278367005423507,0.007903819636720233,0.006764863181100593,0.0070063710974824,5m,31156692.22335931
2024-11-05 18:55:00,GLmJTpxjXnyFJMhh4Xd1K3afmpHzuudKy5bioUWDR3rn,0.007257383133535078,0.007875090510960428,0.0069906538707856115,0.007278367005423507,5m,33724524.987877294
2024-11-05 19:00:00,GLmJTpxjXnyFJMhh4Xd1K3afmpHzuudKy5bioUWDR3rn,0.007852479945221305,0.00836803508643989,0.007020514371653343,0.007257383133535078,5m,27351093.343054008
2024-11-05 19:05:00,GLmJTpxjXnyFJMhh4Xd1K3afmpHzuudKy5bioUWDR3rn,0.006354476602586062,0.007968151649158366,0.00602746123897019,0.007852479945221305,5m,35316932.1296514
2024-11-05 19:10:00,GLmJTpxjXnyFJMhh4Xd1K3afmpHzuudKy5bioUWDR3rn,0.007010815758649173,0.007716187846360094,0.006189362546125741,0.006354476602586062,5m,32688955.588286433
2024-11-05 19:15:00,GLmJTpxjXnyFJMhh4Xd1K3afmpHzuudKy5bioUWDR3rn,0.007689761192189641,0.007788324058577559,0.006533435531354139,0.007010815758649173,5m,28877839.842887755
2024-11-05 19:20:00,GLmJTpxjXnyFJMhh4Xd1K3afmpHzuudKy5bioUWDR3rn,0.005074372666341141,0.008065661658075634,0.004586277074615933,0.007689761192189641,5m,40720074.625000715
2024-11-05 19:25:00,GLmJTpxjXnyFJMhh4Xd1K3afmpHzuudKy5bioUWDR3rn,0.006216495032237265,0.006216495032237265,0.004950820217059634,0.005074372666341141,5m,32403542.44098643
2024-11-05 19:30:00,GLmJTpxjXnyFJMhh4Xd1K3afmpHzuudKy5bioUWDR3rn,0.003979183004629317,0.0062380229120347925,0.0034060147199244687,0.006216495032237265,5m,45936962.686071485
2024-11-05 19:35:00,GLmJTpxjXnyFJMhh4Xd1K3afmpHzuudKy5bioUWDR3rn,0.003862613226814822,0.003979183004629317,0.0037113226537978466,0.003979183004629317,5m,16772320.337600335
2024-11-05 19:40:00,GLmJTpxjXnyFJMhh4Xd1K3afmpHzuudKy5bioUWDR3rn,0.003938367901931554,0.004211441354059794,0.0038443955472820123,0.003862613226814822,5m,15817191.976322634
2024-11-05 19:45:00,GLmJTpxjXnyFJMhh4Xd1K3afmpHzuudKy5bioUWDR3rn,0.0030220334182833,0.0039863860308742075,0.003006098647986801,0.003938367901931554,5m,19985092.255649954
2024-11-05 19:50:00,GLmJTpxjXnyFJMhh4Xd1K3afmpHzuudKy5bioUWDR3rn,0.0027135162261395424,0.0030220334182833,0.002486504334101031,0.0030220334182833,5m,20856902.626698356
2024-11-05 19:55:00,GLmJTpxjXnyFJMhh4Xd1K3afmpHzuudKy5bioUWDR3rn,0.002825496344580321,0.0028745095257507653,0.0026972845813077965,0.0027135162261395424,5m,6064526.694363526
2024-11-05 20:00:00,GLmJTpxjXnyFJMhh4Xd1K3afmpHzuudKy5bioUWDR3rn,0.0028682734527498573,0.002890006839772445,0.002825496344580321,0.002825496344580321,5m,465368.7156059961
2024-11-05 20:05:00,GLmJTpxjXnyFJMhh4Xd1K3afmpHzuudKy5bioUWDR3rn,0.002777585965129695,0.0028682734527498573,0.0027704652713936937,0.0028682734527498573,5m,814472.4824945941
2024-11-05 20:10:00,GLmJTpxjXnyFJMhh4Xd1K3afmpHzuudKy5bioUWDR3rn,0.0027829092199486137,0.0027829092199486137,0.0027579426013791294,0.002777585965129695,5m,47326.225330949004
2024-11-05 20:15:00,GLmJTpxjXnyFJMhh4Xd1K3afmpHzuudKy5bioUWDR3rn,0.0027633802293841503,0.0027829092199486137,0.0027584736938817724,0.0027829092199486137,5m,209075.591594081
2024-11-05 20:20:00,GLmJTpxjXnyFJMhh4Xd1K3afmpHzuudKy5bioUWDR3rn,0.002751984995528007,0.0027633802293841503,0.002751984995528007,0.0027633802293841503,5m,75985.275942631
2024-11-05 20:25:00,GLmJTpxjXnyFJMhh4Xd1K3afmpHzuudKy5bioUWDR3rn,0.0027591457743748483,0.0027591457743748483,0.002743194523169986,0.002751984995528007,5m,95553.80628309399
2024-11-05 20:30:00,GLmJTpxjXnyFJMhh4Xd1K3afmpHzuudKy5bioUWDR3rn,0.002187038632133405,0.002940387249659137,0.0021671134313596256,0.0027591457743748483,5m,22882039.135839075
2024-11-05 20:35:00,GLmJTpxjXnyFJMhh4Xd1K3afmpHzuudKy5bioUWDR3rn,0.0022304558728485136,0.0022745393166393396,0.002137791981549593,0.002187038632133405,5m,16001475.88650359
2024-11-05 20:40:00,GLmJTpxjXnyFJMhh4Xd1K3afmpHzuudKy5bioUWDR3rn,0.0019992443846904165,0.0022382605326083074,0.0018697182691383256,0.0022304558728485136,5m,18806693.94806516
2024-11-05 20:45:00,GLmJTpxjXnyFJMhh4Xd1K3afmpHzuudKy5bioUWDR3rn,0.002040836241669372,0.0020891414998538754,0.0019572549125875093,0.0019992443846904165,5m,13161104.465665333
2024-11-05 20:50:00,GLmJTpxjXnyFJMhh4Xd1K3afmpHzuudKy5bioUWDR3rn,0.002051486884149198,0.002147322291583581,0.002020633515231696,0.002040836241669372,5m,14327484.641674701
2024-11-05 20:55:00,GLmJTpxjXnyFJMhh4Xd1K3afmpHzuudKy5bioUWDR3rn,0.0022139562703481935,0.0023264473882052077,0.0020462195915548426,0.002051486884149198,5m,17201405.780115116
2024-11-05 21:00:00,GLmJTpxjXnyFJMhh4Xd1K3afmpHzuudKy5bioUWDR3rn,0.002090806081378772,0.0022139562703481935,0.002090806081378772,0.0022139562703481935,5m,13377924.092103375
2024-11-05 21:05:00,GLmJTpxjXnyFJMhh4Xd1K3afmpHzuudKy5bioUWDR3rn,0.002082098264984896,0.002336585321948283,0.0020681280387429284,0.002090806081378772,5m,15896728.779764015
2024-11-05 21:10:00,GLmJTpxjXnyFJMhh4Xd1K3afmpHzuudKy5bioUWDR3rn,0.0020693196944793265,0.002215824585804466,0.0020568430997812692,0.002082098264984896,5m,15050935.444444
2024-11-05 21:15:00,GLmJTpxjXnyFJMhh4Xd1K3afmpHzuudKy5bioUWDR3rn,0.0020033288113071343,0.0020693196944793265,0.0019750304843266925,0.0020693196944793265,5m,13565498.20057714
2024-11-05 21:20:00,GLmJTpxjXnyFJMhh4Xd1K3afmpHzuudKy5bioUWDR3rn,0.0015174878848243502,0.002041315318648148,0.0014861924913624808,0.0020033288113071343,5m,26766214.163487315
2024-11-05 21:25:00,GLmJTpxjXnyFJMhh4Xd1K3afmpHzuudKy5bioUWDR3rn,0.0016092492275949723,0.001634730477522604,0.001473539690630152,0.0015174878848243502,5m,20496393.61030252
2024-11-05 21:30:00,GLmJTpxjXnyFJMhh4Xd1K3afmpHzuudKy5bioUWDR3rn,0.0017144563450373226,0.0017469184366612392,0.00159589926354726,0.0016092492275949723,5m,18639954.307464976
2024-11-05 21:35:00,GLmJTpxjXnyFJMhh4Xd1K3afmpHzuudKy5bioUWDR3rn,0.001867715988350852,0.0018783905973467874,0.001698219671694585,0.0017144563450373226,5m,16372845.923319671
2024-11-05 21:40:00,GLmJTpxjXnyFJMhh4Xd1K3afmpHzuudKy5bioUWDR3rn,0.001699461058549123,0.001968550677555931,0.001699461058549123,0.001867715988350852,5m,22143749.555851486
2024-11-05 21:45:00,GLmJTpxjXnyFJMhh4Xd1K3afmpHzuudKy5bioUWDR3rn,0.0016786469379109598,0.001729685273631546,0.0016382899996805022,0.001699461058549123,5m,21138692.036374748
2024-11-05 21:50:00,GLmJTpxjXnyFJMhh4Xd1K3afmpHzuudKy5bioUWDR3rn,0.001724159210843414,0.0017800644559884259,0.001667569102586623,0.0016786469379109598,5m,16171248.148952076
2024-11-05 21:55:00,GLmJTpxjXnyFJMhh4Xd1K3afmpHzuudKy5bioUWDR3rn,0.0016712945198804254,0.0017758994202489353,0.0016207290634825547,0.001724159210843414,5m,17008888.588227652
2024-11-05 22:00:00,GLmJTpxjXnyFJMhh4Xd1K3afmpHzuudKy5bioUWDR3rn,0.0015235396301219789,0.0017253113768003726,0.0015235396301219789,0.0016712945198804254,5m,19464909.429348182
2024-11-05 22:05:00,GLmJTpxjXnyFJMhh4Xd1K3afmpHzuudKy5bioUWDR3rn,0.0015907844233319882,0.0016104024377105912,0.0014971845386331456,0.0015235396301219789,5m,17486425.210157063
2024-11-05 22:10:00,GLmJTpxjXnyFJMhh4Xd1K3afmpHzuudKy5bioUWDR3rn,0.0014564738092641648,0.0016085177808024206,0.001447795122088988,0.0015907844233319882,5m,16585053.776701575
2024-11-05 22:15:00,GLmJTpxjXnyFJMhh4Xd1K3afmpHzuudKy5bioUWDR3rn,0.0013075414408820734,0.001507492313824553,0.0012964688148869557,0.0014564738092641648,5m,18172698.180870254
2024-11-05 22:20:00,GLmJTpxjXnyFJMhh4Xd1K3afmpHzuudKy5bioUWDR3rn,0.0012264606560114175,0.0013418544169511012,0.0012132668757609982,0.0013075414408820734,5m,23304107.13948915
2024-11-05 22:25:00,GLmJTpxjXnyFJMhh4Xd1K3afmpHzuudKy5bioUWDR3rn,0.0010730955288663986,0.0012342023657095761,0.0010238979083077304,0.0012264606560114175,5m,22109740.27141386
2024-11-05 22:30:00,GLmJTpxjXnyFJMhh4Xd1K3afmpHzuudKy5bioUWDR3rn,0.0010320776212653135,0.0010836621676074134,0.0010142850509167922,0.0010730955288663986,5m,20494958.386190943
2024-11-05 22:35:00,GLmJTpxjXnyFJMhh4Xd1K3afmpHzuudKy5bioUWDR3rn,0.0011916886392367783,0.001195499501011162,0.0010148049853336092,0.0010320776212653135,5m,23101146.305445276
2024-11-05 22:40:00,GLmJTpxjXnyFJMhh4Xd1K3afmpHzuudKy5bioUWDR3rn,0.00125799683654378,0.0012752691567745923,0.0011890728430655924,0.0011916886392367783,5m,19978092.947958972
2024-11-05 22:45:00,GLmJTpxjXnyFJMhh4Xd1K3afmpHzuudKy5bioUWDR3rn,0.0012888573269501018,0.0013088538821021188,0.0012150474418757343,0.00125799683654378,5m,22725825.27204365
2024-11-05 22:50:00,GLmJTpxjXnyFJMhh4Xd1K3afmpHzuudKy5bioUWDR3rn,0.001360682543777806,0.001360682543777806,0.0012760199411473087,0.0012888573269501018,5m,20873051.518062614
2024-11-05 22:55:00,GLmJTpxjXnyFJMhh4Xd1K3afmpHzuudKy5bioUWDR3rn,0.0014420504014776465,0.0014808670703231625,0.0013541933430234628,0.001360682543777806,5m,21140403.386379212
2024-11-05 23:00:00,GLmJTpxjXnyFJMhh4Xd1K3afmpHzuudKy5bioUWDR3rn,0.0014190306331179892,0.001467671543193695,0.0013923796383251967,0.0014420504014776465,5m,20520760.08361874
2024-11-05 23:05:00,GLmJTpxjXnyFJMhh4Xd1K3afmpHzuudKy5bioUWDR3rn,0.0015505175247999706,0.0015701760947966275,0.0013054017263233353,0.0014190306331179892,5m,27766211.517096706
2024-11-05 23:10:00,GLmJTpxjXnyFJMhh4Xd1K3afmpHzuudKy5bioUWDR3rn,0.0015309427065750638,0.001588252974653993,0.001471829052830622,0.0015505175247999706,5m,19818281.982544232
2024-11-05 23:15:00,GLmJTpxjXnyFJMhh4Xd1K3afmpHzuudKy5bioUWDR3rn,0.0013529785775148893,0.001562727743471784,0.0012731602123463351,0.0015309427065750638,5m,21946099.673307385
2024-11-05 23:20:00,GLmJTpxjXnyFJMhh4Xd1K3afmpHzuudKy5bioUWDR3rn,0.0009734587457939277,0.0013684202604271375,0.0009286267274500452,0.0013529785775148893,5m,29996940.419256467
2024-11-05 23:25:00,GLmJTpxjXnyFJMhh4Xd1K3afmpHzuudKy5bioUWDR3rn,0.0010750954170300868,0.0010835525150453683,0.0009726042141167436,0.0009734587457939277,5m,21186138.282562666
2024-11-05 23:30:00,GLmJTpxjXnyFJMhh4Xd1K3afmpHzuudKy5bioUWDR3rn,0.0010529395527086821,0.0011190393792772342,0.0010387958647860125,0.0010750954170300868,5m,21652655.855416853
2024-11-05 23:35:00,GLmJTpxjXnyFJMhh4Xd1K3afmpHzuudKy5bioUWDR3rn,0.0010427604656965343,0.001065183069498457,0.0010111264787293183,0.0010529395527086821,5m,22401187.362447705
2024-11-05 23:40:00,GLmJTpxjXnyFJMhh4Xd1K3afmpHzuudKy5bioUWDR3rn,0.0008895222542016907,0.0010694100531955114,0.0008246852139704105,0.0010427604656965343,5m,26403829.54151317
2024-11-05 23:45:00,GLmJTpxjXnyFJMhh4Xd1K3afmpHzuudKy5bioUWDR3rn,0.0009327559754130774,0.0009374749720738466,0.0008782019967988001,0.0008895222542016907,5m,22543267.37967575
2024-11-05 23:50:00,GLmJTpxjXnyFJMhh4Xd1K3afmpHzuudKy5bioUWDR3rn,0.0010118951416400398,0.001024727522257507,0.0009306517678786948,0.0009327559754130774,5m,23329840.191594765
2024-11-05 23:55:00,GLmJTpxjXnyFJMhh4Xd1K3afmpHzuudKy5bioUWDR3rn,0.0008259467954980574,0.0010275510405029936,0.0008063845773896811,0.0010118951416400398,5m,33423247.668674454
2024-11-06 00:00:00,GLmJTpxjXnyFJMhh4Xd1K3afmpHzuudKy5bioUWDR3rn,0.0006406344255989636,0.0008580667269247754,0.0006406344255989636,0.0008259467954980574,5m,43107888.225128464
2024-11-06 00:05:00,GLmJTpxjXnyFJMhh4Xd1K3afmpHzuudKy5bioUWDR3rn,0.000731256586524468,0.000731256586524468,0.0006373480048666937,0.0006406344255989636,5m,30498077.65775567
2024-11-06 00:10:00,GLmJTpxjXnyFJMhh4Xd1K3afmpHzuudKy5bioUWDR3rn,0.0006340857117485325,0.0007354464950448086,0.0006305109497555971,0.000731256586524468,5m,32827252.89624778
2024-11-06 00:15:00,GLmJTpxjXnyFJMhh4Xd1K3afmpHzuudKy5bioUWDR3rn,0.0006697260316294511,0.0006836828212456372,0.0005958287092342958,0.0006340857117485325,5m,35321564.348083556
2024-11-06 00:20:00,GLmJTpxjXnyFJMhh4Xd1K3afmpHzuudKy5bioUWDR3rn,0.0007242246619321046,0.0007276858873021712,0.0006694810059081839,0.0006697260316294511,5m,22580392.032522153
2024-11-06 00:25:00,GLmJTpxjXnyFJMhh4Xd1K3afmpHzuudKy5bioUWDR3rn,0.0007370427895471597,0.0007712238912626215,0.0007051476155150846,0.0007242246619321046,5m,38192029.900410905
2024-11-06 00:30:00,GLmJTpxjXnyFJMhh4Xd1K3afmpHzuudKy5bioUWDR3rn,0.000680830246857657,0.000747362868798272,0.0006625933020998148,0.0007370427895471597,5m,28450754.11118715
2024-11-06 00:35:00,GLmJTpxjXnyFJMhh4Xd1K3afmpHzuudKy5bioUWDR3rn,0.000709577357568202,0.0007112070305658555,0.0006782568527604867,0.000680830246857657,5m,27573881.401398316
2024-11-06 00:40:00,GLmJTpxjXnyFJMhh4Xd1K3afmpHzuudKy5bioUWDR3rn,0.000875602841561907,0.0008977205560106901,0.0007066128018371888,0.000709577357568202,5m,32664452.376587532
2024-11-06 00:45:00,GLmJTpxjXnyFJMhh4Xd1K3afmpHzuudKy5bioUWDR3rn,0.0009317229042422996,0.0009842641562049742,0.0008709169559516162,0.000875602841561907,5m,18758335.799757935
2024-11-06 00:50:00,GLmJTpxjXnyFJMhh4Xd1K3afmpHzuudKy5bioUWDR3rn,0.0008674475166581748,0.0009317229042422996,0.000823075090812445,0.0009317229042422996,5m,22668339.730564196
2024-11-06 00:55:00,GLmJTpxjXnyFJMhh4Xd1K3afmpHzuudKy5bioUWDR3rn,0.0008570983684095505,0.0008863889247464356,0.0008545124601116735,0.0008674475166581748,5m,24074362.32563187
2024-11-06 01:00:00,GLmJTpxjXnyFJMhh4Xd1K3afmpHzuudKy5bioUWDR3rn,0.0008268956372342383,0.0008847556235458617,0.0007999273991002855,0.0008570983684095505,5m,27569772.707421374
2024-11-06 01:05:00,GLmJTpxjXnyFJMhh4Xd1K3afmpHzuudKy5bioUWDR3rn,0.0006098010972683803,0.0008437711421278146,0.0006025808689099259,0.0008268956372342383,5m,41552043.921608455
2024-11-06 01:10:00,GLmJTpxjXnyFJMhh4Xd1K3afmpHzuudKy5bioUWDR3rn,0.0006389084214265952,0.0006434585312076525,0.0005968522817745818,0.0006098010972683803,5m,32764348.53769136
2024-11-06 01:15:00,GLmJTpxjXnyFJMhh4Xd1K3afmpHzuudKy5bioUWDR3rn,0.0006405862321077184,0.0006499461207405748,0.0006261934644562216,0.0006389084214265952,5m,12184155.675981725
2024-11-06 01:20:00,GLmJTpxjXnyFJMhh4Xd1K3afmpHzuudKy5bioUWDR3rn,0.0006453344254393801,0.000713124529688681,0.0006382827873703268,0.0006405862321077184,5m,29801092.30695753
2024-11-06 01:25:00,GLmJTpxjXnyFJMhh4Xd1K3afmpHzuudKy5bioUWDR3rn,0.0006773826316978237,0.0006885795437453632,0.0006249772992172,0.0006453344254393801,5m,31534140.91628376
2024-11-06 01:30:00,GLmJTpxjXnyFJMhh4Xd1K3afmpHzuudKy5bioUWDR3rn,0.000709271787562912,0.0007140862229683625,0.0006453998130250967,0.0006773826316978237,5m,31710570.44819496
2024-11-06 01:35:00,GLmJTpxjXnyFJMhh4Xd1K3afmpHzuudKy5bioUWDR3rn,0.00069650825076517,0.0007408938347473412,0.0006312187055201554,0.000709271787562912,5m,35014296.710926265
2024-11-06 01:40:00,GLmJTpxjXnyFJMhh4Xd1K3afmpHzuudKy5bioUWDR3rn,0.0007095672460066235,0.0007458257803086445,0.0006943004468843556,0.00069650825076517,5m,25182317.03676269
2024-11-06 01:45:00,GLmJTpxjXnyFJMhh4Xd1K3afmpHzuudKy5bioUWDR3rn,0.0007163860993212874,0.0007266204820011245,0.0006888334129163444,0.0007095672460066235,5m,30714558.88400294
2024-11-06 01:50:00,GLmJTpxjXnyFJMhh4Xd1K3afmpHzuudKy5bioUWDR3rn,0.0007449901946331127,0.0007700391171594982,0.0007013741764277936,0.0007163860993212874,5m,26815609.2015095
2024-11-06 01:55:00,GLmJTpxjXnyFJMhh4Xd1K3afmpHzuudKy5bioUWDR3rn,0.0007152930955297353,0.0007505607302410584,0.0007051739658310084,0.0007449901946331127,5m,27532242.830770783
2024-11-06 02:00:00,GLmJTpxjXnyFJMhh4Xd1K3afmpHzuudKy5bioUWDR3rn,0.0007577912504821197,0.0007788369902129405,0.0007081104991293045,0.0007152930955297353,5m,26490225.90610463
2024-11-06 02:05:00,GLmJTpxjXnyFJMhh4Xd1K3afmpHzuudKy5bioUWDR3rn,0.0007997353999670273,0.0008060786145317479,0.0007245333702603206,0.0007577912504821197,5m,27835492.531879798
2024-11-06 02:10:00,GLmJTpxjXnyFJMhh4Xd1K3afmpHzuudKy5bioUWDR3rn,0.0007536805007719867,0.0008291906161940235,0.0007073835856420032,0.0007997353999670273,5m,33427377.686134633
2024-11-06 02:15:00,GLmJTpxjXnyFJMhh4Xd1K3afmpHzuudKy5bioUWDR3rn,0.0006227978285523055,0.0007563943828028737,0.0005822435877871973,0.0007536805007719867,5m,47893444.96911694
2024-11-06 02:20:00,GLmJTpxjXnyFJMhh4Xd1K3afmpHzuudKy5bioUWDR3rn,0.0006345608688717079,0.0006574255546968731,0.000614348586723143,0.0006227978285523055,5m,20372185.11646837
2024-11-06 02:25:00,GLmJTpxjXnyFJMhh4Xd1K3afmpHzuudKy5bioUWDR3rn,0.0006124392820161925,0.000646753429538213,0.0006052336416619031,0.0006345608688717079,5m,34238355.4130908
2024-11-06 02:30:00,GLmJTpxjXnyFJMhh4Xd1K3afmpHzuudKy5bioUWDR3rn,0.0006209650951187157,0.0006338427306071007,0.0006064581641833695,0.0006124392820161925,5m,24871974.89672786
2024-11-06 02:35:00,GLmJTpxjXnyFJMhh4Xd1K3afmpHzuudKy5bioUWDR3rn,0.0006275432362210985,0.0006399606733883148,0.000610305534574279,0.0006209650951187157,5m,13815533.935192877
2024-11-06 02:40:00,GLmJTpxjXnyFJMhh4Xd1K3afmpHzuudKy5bioUWDR3rn,0.0006140525821270575,0.0006452944939494836,0.0006035293478538543,0.0006275432362210985,5m,15709915.960733386
2024-11-06 02:45:00,GLmJTpxjXnyFJMhh4Xd1K3afmpHzuudKy5bioUWDR3rn,0.0006486632901652864,0.0006510906446965442,0.000606784351699661,0.0006140525821270575,5m,26277680.069733396
2024-11-06 02:50:00,GLmJTpxjXnyFJMhh4Xd1K3afmpHzuudKy5bioUWDR3rn,0.0006433522331083379,0.0006689005897581633,0.0006319369258211886,0.0006486632901652864,5m,19541488.11123238
2024-11-06 02:55:00,GLmJTpxjXnyFJMhh4Xd1K3afmpHzuudKy5bioUWDR3rn,0.00068375261173621,0.0006868106079832757,0.0006419274245782695,0.0006433522331083379,5m,27829563.814015966
2024-11-06 03:00:00,GLmJTpxjXnyFJMhh4Xd1K3afmpHzuudKy5bioUWDR3rn,0.0006645240663706366,0.0006947328751561437,0.0006432612164485985,0.00068375261173621,5m,18165328.683480002
2024-11-06 03:05:00,GLmJTpxjXnyFJMhh4Xd1K3afmpHzuudKy5bioUWDR3rn,0.0006651662569009172,0.0006658892299853936,0.0006645240663706366,0.0006645240663706366,5m,63495.920897138
2024-11-06 03:10:00,GLmJTpxjXnyFJMhh4Xd1K3afmpHzuudKy5bioUWDR3rn,0.0006642133535598502,0.0006651662569009172,0.0006642133535598502,0.0006651662569009172,5m,2717.074345117
2024-11-06 03:15:00,GLmJTpxjXnyFJMhh4Xd1K3afmpHzuudKy5bioUWDR3rn,0.0006618874050767289,0.0006642133535598502,0.0006618874050767289,0.0006642133535598502,5m,75097.656156378
2024-11-06 03:20:00,GLmJTpxjXnyFJMhh4Xd1K3afmpHzuudKy5bioUWDR3rn,0.0005959524295329364,0.000662294110398735,0.0005959524295329364,0.0006618874050767289,5m,5286000.315968
2024-11-06 03:25:00,GLmJTpxjXnyFJMhh4Xd1K3afmpHzuudKy5bioUWDR3rn,0.0005821396887529832,0.0005959524295329364,0.0005821396887529832,0.0005959524295329364,5m,1482512.7828982773
